0 531 1204 1443 511 2312 2402 40 1058 706 66 2556 1277 933 2163 2139 336 1618 1908 935 377 2067 246 108 1886 1443 2105 433 1209 2284 1282 2269 459 1925
1 1196 1848 829 1947 1404 25 867 1966 1855 2538 2271 1770 823 2674 1848 2466 2315 1657 1291 2029 285 1705 1275 280 1703 1303 582 956 390 2340 1275 2156 2258 161 1900 1142 878 138 1721
2 590 2101 825 490 1381 581 366 708 2174 1193 90 790 1311 248 1870 1201 2123 725 1473 1842 1592 1008 130 645 849 360 2159 1698 1812 794 2196 385 94 1287 1074 36 2615 1771 322 1695 417 2048 457 1430 2364 1423 2176
3 332 2420 835 1785 1016 2449 1206 2222 1030 543 2547 493 929 1094 1421 497
4 2264 454 402 1317 482 1150 645 1012 2353 498 1068 1715 2219 494 1900 940 2681 1488 858 1939
5 81 1990 341 1269 2299 1934 303 2205 9 651 275 1926
6 1379 1587 670 1886 2663 1109 588 1014 1964 2012 2135 273 771 175 2137 763 756 1691 1792 1055 328 474 239 2308 2709 495
7 542 278 882 132 2236 1758 2652 1440 1239 2366 1508 1233 1662 393 2689
8 821 1825 1570 2641 745 1653 1551 1336 2394 1648 1901 364 289 243 892 2484 1909 1467 1281 925 2481 1158 1092 2361 1909 2352 2484 553 369 970 999 1498 7 1017 841 475 1192
9 1125 134 1783 1325 1487 2642 1675 514 1088 1511 1857 1609 215 1906 376 481 2175 54 1537 271 186 1139 1589 1157
10 959 2557 1217 183 1294 2245 2079 35 2097 2457 2014 1451
11 2141 400 807 2072 1647 967 2638 2360 899 571 1288 2370 1877 1176 207 2613 1536 2571
13 1200 1342 1299 1237 658 1160 1869 1200 2194 1794 1912 2109 1885 1912
12 1153 2001 1897 434 2348 1897 1227 1504 299 2016 2662 2597 1489 346 1623 2160 1118 1212 2153 226 355 1712 851 2043 1824 664 1153 2330 246
14 1471 1326 1888 901 59 1583 1519 2301 1316 2363 2343 814 348 2206 1483 168
15 1019 1740 670 1562 2193 1617 220 1272 95 2184 634 1707 2108 1298 952 580 1106 2669
17 2589 2720 1553 237 371 2419 1406 2007 392 321 1774 1692 1899 833
18 296 1814 2503 1319 2142 1582 1863 2039 2518 2279 2252 2559 2593 650 1265 51 626 1984
19 881 396 1491 1159 420 1978 1978 113 92 1357 1328 1340 2065
20 488 1446 2530 1228 2428 2495 1032 918 696 2372 2274
21 2493 774 192 2265 1029 1091 759 759 1805 1593 2501 1739 2569 478 157 1859 1221 1781 1445 399 1143 1 1938 246 1601 367 1545 1622
22 313 140 2309 1924 2333 1210 1412 107 401 2049 1627 2112 2542 2290
23 2648 1846 1826 214 1379 403 519 2023 2533 2609 1154 1660 2427
24 1252 1734 2599 2426 318 939 1949 1427 1470 2545 1177 34 2548 656 2380 2085
25 1605 43 1476 2612 1853 978 195 1927 513 1998 1251 1876 1596 1388 652 2640 1080 2684 1257 374 2314 961 2024 2566 514 1280 1071 2525 2032 1819
26 1704 1490 2555 1503 1032 1921 2601 4 693 693 432 2387
27 1398 561 2433 1339 566 972 333 1554 2293 13 714 609 114 455 583
28 1872 257 24 387 2027 1481 26 938 1140 1168 1816 698 2040 840 938 1481 2084 1156 1301 1137
29 942 2005 2567 1874 1292 247 1207 2117 2701 119 306 1985 1650 1686 932 2332 1750 2324 358 242 1103 2311 861 564 2326 659 1131 1087 2507 979 1283
30 1004 2690 847 539 2563 1936 948 310 2297 1290 2003 1753 2491 1963 1959 957 2131 946 559 941 2003 911 2397 1043 2116 2625 1061 2476 1265 1265 2126 238 2543
31 724 2695 1960 193 1791 1391 1893 1409 1709 1931 2401 1415 2707 1986 1558 1496
32 869 3 1063 2183 1359 1048 466 2254 1075 876 1773 772 1829 165
33 1112 618 909 1980 19 2103 1968 2103 199 1246 1928 887 646 2362 1916
34 2113 1565 270 1022 2592 608 562 398 574 1460 14 747 117 1022 2093 2676 1274 727 709 1165 1982 1056 1236 2302 1448 986 947 1755 1410 0 388 2053 1665 2299 2165
35 1297 1045 839 394 856 2122 2696 2202 1996 1058 2437 174 37 2681 1977
37 2502 1182 1323 155 2492 981 1742 637 530 2173 1972 1995 1464 162 1521 1248 2060 2006 162 337 2220 2644 2500 2635 808 2310 1718 1020 2288 798 2575
36 1656 1222 2670 1238 853 1603 325 2416 1024 389 2415 2130 2647 792 77 1564 1684 443 208 424 926 2143 216 2415 1403 2261 2148 397 2467 1290 1313 447
38 741 1439 694 2339 2013 860 1823 1333 888 1341 1100 368 2544 1518 975 504 2260 2557
39 2715 456 773 2088 622 2099 1701 857 46 2408 470 1331 2375 2287 213 2418 1447 1364 1305
40 484 921 1175 2577 1714 2228 370 1243 2445 1375 499 2520 2324 2073 2313 1435 61 302 169 902 2462 1065 1387 1514 2510 2336 2021 1169 1428 2520 1957 2051 632 2595 838 593 1907 245 862 1378 212 411 1261 1804 730 1539 661 1046 2237 82 2645 2186 697 730 198 2328 1212
41 1434 2211 653 900 489 635 1190 1178 1532 1183 2423 2041 1449 1600 2056
42 780 2642 879 2154 2700 1713 1614 1356 2607 1636 950 2002 2368 1955 268
43 896 2602 1958 2673 1413 998 2479 770 652 427 1672 2417 158 2594 2705 1231 1560 2247 1049 2477 2208 628 599 1878 1770 381 2215 1197 1716 1390 1037 496
44 1834 1807 2393 2218 67 612 2565 723 48 876 237 549 1320 363 1547 602 1942 1644 1956 1806 2263
45 170 2384 2095 1612 1171 1777 2358 57 1777 2020 1509 1119 1817 619
46 2488 2026 578 1220 716 87 450 1472 1930 68 881 1638 450
47 319 2580 2541 1847 166 965 2386 324 429 1255 1697 1803 2015 2526 1865 1852 1380 1053 2180 1765 605 1700 331 754 2235 2291
48 209 219 749 800 2346 607 65 1763 690 1506 1833 2719 1538 515 954 2157 2025 927 1948 846 2452
50 837 1821 2521 2686 2035 1475 1747 1979 2443 2482 2657
49 111 501 2047 2712 1307 1542 818 23 575 2207 617
51 2185 1128 436 2383 1338 2522 695 157 1135 579 1666
52 2038 1385 2708 1385 1719 1332 777 535 2138 2451 1720 2046 789 1012 997
53 1746 673 2540 1730 1690 284 2512 153 2616 334 974 2418 1477 548 2568 1042 2703 2551 72 1077 1974 1306 120 2167 97
54 2590 1941 2327 1905 1940 1776 886 676 172 2151 2216 109 230 1040 1941 2092 1867 1676 2132 1060 1244 766 2080 1752 479 326 1284 1914
55 505 648 710 449 2441 1681 2256 171 2299 857 1515 968 1172 2226 1465 2649
56 200 1683 123 78 78 2316 502 2316 329 340 1995 2320 2050
57 1459 863 758 700 1312 1856 2497 1698 951 1438 1416 1533 512 1733 1900 2497 1247 2388
58 525 2636 129 2663 825 1437 2034 462 1663 2618 2042 1156 2286 1488 1795 2651 2624 2643 545 544
59 1116 573 1976 375 446 1891 139 1969 543 264 1546 2523 908 2217 1007 2405 1457 503 15 1370 2036 2064 1372 884
60 1479 1727 2076 2562 2489 2650 1844 445 2621 431 2041 2513 1417 1923 2128 1664 235 2090 323 524 63 1599 468 827
61 1856 1486 2499 124 2656 2399 1170 2349 2325 1486 1871 418 2187 1635 1873 844 1723 819 1453 2091 2494 2587 2071 2045 825 2052 79 2632 2022 1898 288 2431 1334 1849 1264 2399 386 1988 131 2626 715 125 244 527 705 258 262 570 2660 76 2018 2276 1461 747 2325 664 1096 2341 1761 2494 2475 2677 1384 21 2620 2561 2403 2517 1779 2717
62 2534 1167 287 2389 2259 2421 2534 1123 2056 2653 707 254 1682 541 889 1722 729 2604 2702
63 1230 588 245 1525 828 2579 662 903 2195 268 787 895 121 2074 2486 672 1111 2413 2385 2369
64 718 2709 1006 5 1253 722 717 1117 258 1917 1616 1256
65 2000 189 1296 2063 2683 1368 1155 1073 259 1569 1726 872 395 1013 804 2170 1018 2201 746 1425 453
66 300 669 1443 1373 441 569 2564 1691 2598 2209 1103 1216 1549 1482 93 437 338
67 2323 1577 1343 1526 737 721 1291 1426 2061 1086 309 2129 56 873 1660 1215 328
68 1044 73 1408 473 224 1896 1967 1199 1084 2110 2255 1573 1146 1775 1395 1214
69 647 472 1885 680 1981 1274 373 592 1771 2606 1875 1654
70 1407 811 915 719 340 1708 1830 1349 2177 2694 2549 832 2629 1628 987 843 1152 1344 616 2586 2149 1578 277 2414 1353 372 2583 906
71 1588 2008 1066 104 2179 464 768 1571 920 738 1731 350 311 623 1026 2514 1418 301 98 1377
72 1429 146 1636 521 1636 2460 752 2300 760 591 1450 146 1249
73 409 44 1787 2628 2463 187 1796 682 1424 1259 2142 1552 2485 1950 958 1298 1315 2432 2544 223 2399 1572 1456 1717 1568 1629 246 422 1164 1227 2319 554 1711 1209 285 1128 105 160 2659 2031 1591 2147 1845 755 149 2231 1606 1455 293 848
74 383 1270 1062 691 2631 1065 1110 1225 713 2396 735 2631 2448 2150 281 1800 567 842 263 1575 1054 330 1399 1911 453 963
98 1382 820 864 2075 762 178 924 936 382 314 1590 630 2304 1070 991 964 1185 1920 1938 2081
75 2107 1772 597 865 1535 2600 916 1772 506 1837 2058 2461 1036 2530 29 1337
76 905 1507 249 2506 20 151 739 791 2693 639 1534 440 1527 1868 1685 2100 1883 2627 141 2244
77 638 1706 689 638 317 962 2347 2257 2581 667 692 1668 1953 2161 1994 813 2655 202 2162 930
78 1729 1633 509 2515 2537 834 49 568 1884 145 1468 2654 885 996 701 1798 1120 2280 2249 595 1500 1371
79 70 2037 2692 1348 1108 163 1945 586 1203 1517 1393 2516 472 2511 115 2667 782 2429
80 1555 1601 1854 349 2253 2083 2273 380 508 2283 1530 1862 2375 1103 835 1770 577 28 1258 1471 2203 2625 903 534 703 2458 914 1347 282 522 1126 1477 1354 404 2199 241 1588 1983 228 42 488 866 2553 1646 2709 759 222 1330 603 2564 136 1890 265 1979 45 2070 38 2619 159
81 1186 757 253 1151 2663 27 2229 2298 826 133 1946 2299 863 2469 1820 523 231 89 2496 1510 2442 518 2335 2467
82 2203 781 265 88 1626 112 625 2133 1524 1198 103 164 315 1011 2355 1099 598 1471 405
83 2406 540 2178 1226 1595 1102 1166 1147 2197 290 1166 2295 2665 1757 2374
84 1432 327 2470 2391 922 380 1915 2365 2145 126 2391 1191 204 1697 1278 2344 1768
85 430 388 2200 1797 557 2395 871 173 2223 1780 47 1687 1858 2578
86 1302 2498 10 949 1322 1973 1263 1010 671 1768 1205 871 2013 2605 1259
87 1585 2454 1879 2532 1392 286 240 1469 1523 1655 2564 2379 548 1266 11 670 127 2318 2372 945 2306 344 1639 2318 1903 613 1811 1363 875 2 2242 211 1838 428 1379 2544 1309 1122 500 1477 500 1402
89 657 1365 1850 983 2140 379 2574 461 1474 836 1643 679 260 1943 260 1793
88 415 1312 1607 1278 824 747 1367 1652 1144 2235 890 1693 816 11 558 2372 354 2262
90 480 1028 1039 2523 2019 1840 30 1240 644 2519 1038 1250 1839 1218 1671 1406 328 251 1229
91 242 1513 0 1242 1184 435 1987 748 1492 474 969 1784 1041 1047 406 6 407 2712 1910 1463
92 2560 1922 2630 1822 1838 2096 526 75 2359 2528 1067 362 308 1645 1919 250 994 835 1458 2287 1027 1749 2082 726
93 1505 1106 2699 1312 1035 1557 1035 1970 1710 702 50 507 2697 419 1944
94 218 357 966 148 579 2192 2668 391 1767 181 2634 1194
95 1499 84 2716 343 344 1411 1544 2299 2678 1129 1411 267 2409 2379 1208 23
96 1864 2472 1848 799 471 1275 2188 2472 1975 649 720 764 904
97 1688 604 1880 2557 1352 2234 1005 2281 2671 731 1724 62 1911 1902 1358
16 1329 2642 1543 1620 2430 1468 2272 345 206 1181 2576 806 1748 1076 203 1634 550 937 2338 190 802 1145 1881
99 205 234 2373 1335 1696 786 1188 1754 236 2214 1330 1933 1827 1471 1520 1466 1189 2055 182