0 947 3619 2054 1961 1458 1054 4598 1647 4381 4551 4281 2015 2471
1 1087 3924 297 2371 3143 357 2471 2475 4519
2 61 2155 2236 4637 3634 1872 435 2906 3916 3455
3 1780 1249 757 340 2987 3679 3213 4251 3498 4139
4 2529 3536 4636 3644 1983 3065 4408 861 405 4593 3462 945 2276
5 1282 1224 2236 1877 264 538 1634 253 4282 4076
6 4618 1087 2483 530 1965 467 4483 4517 3450 2805 4124 1534 501 429
7 3922 2262 2126 2133 1131 2196 580 1908 2059 3572 388
8 4371 985 507 3109 2992 1817 1417 4303 96 2112 4082 2052 4411 265 360 4559 2632 4364 3491
9 4213 1965 1729 1493 3389 45 1003 1966 1745 624
10 1282 1224 2512 2810 1877 107 3548 9 1637 1534
11 1973 2798 2088 2438 2992 3468 1907 239 1113 2494 577 3572 1556 408
12 1307 1060 1508 758 4194 398 2196 1847 2416 1321 1321 1758 2856
13 4149 1651 3424 3424 359 4503 29 1985 1310 4624 4391 2889 1996 1845 4139 315
14 4229 1087 3334 3846 3566 746 2512 4384 2838 845 3634 3301 2653 2327 170 3572 2967
15 8 751 2452 319 350 3815 4118 4598 3663 4377 3151 479 1534
16 4395 1030 1602 4408 2498 2363 220 1966 4004 1938
17 2818 3591 1602 4160 3664 1911 3013 1509 1912 1167 1988 4311 3879 1672
18 4229 2949 4275 2040 3485 2605 2567 3954 4115 1166 2988 1334 1746 449 3349 2784 2270 2943
19 309 4638 3225 4167 2855 4546 2556 964 2329 2805 689
20 3786 4384 3548 3631 1647 1912 585 430 68 3221 1925 2186 2096
21 4237 3567 1282 1224 1877 125 4163 2627 1647 586 651 132 1708 2974
22 4627 119 3837 2712 3328 100 3045 1126 504
23 3522 401 4304 2365 4478 2377 1819 889 1589 2134 4517 1949 304 1527 435 2492 3095
24 2549 1584 609 1707 1702 2592 2304 3234 3493 361 4349 990 1784 3121 1038 1036 3907 1624 1172 3045 1126
25 1559 2621 3664 2512 3770 2937 1850 2411 1869 1978 1720 1387 884 4178 3257 1847 263 263 3805 276 2068 3897 2974 1631
26 3971 3173 2254 3615 4399 1910 4649 3545 1629
27 344 3508 1287 3174 2592 326 2903 685 3092 3188 4253 3562 3791 1114 4089 3676 1864 1133 2332 3074 3890 3263 2302 3923 4557 3191 1942 3658 629 4103 1 2659 3070 4180
28 502 1983 1983 1983 4408 3674 3674 79 542 1100 4468 2200 2824 2944 826 2388 4251 2694 2694 4153 2974 1360
29 1282 1224 4160 3977 835 3664 1302 2498 1877 2613 3423 1713 1876 1965 3467 1740 585 430 2951 3879 1492 4322 375 3056 1291 1480 453 1966 2000 1906 1196
30 1579 767 2820 3541 663 586 964 3572 871 1778 194
31 2604 3066 3648 1968 2434 2434 2887 2887 3263 992 3666 3572 3498 194
32 1353 3531 4038 1516 2102 3911 417 3527 3045 1126
33 530 3648 3548 3941 1162 1647 4451 2176 2649 130
34 947 3490 705 3372 1724 1152 1152 4310 1971 990 561 1994
35 2599 664 2008 3406 973 3112 4614 4579 2451 4142
36 3333 2917 3548 1965 758 3339 4251 2665 1631 194 2893
37 823 3818 3913 927 2054 996 3856 4222 2111 1879 2854
38 2822 48 2888 3336 993 937 483 3572 2926 331
39 2028 4097 2145 2846 2437 438 2289 3572 856 902 315
40 1325 400 3449 3994 3508 2746 2534 3403 4035 3222 2380 1727 188 588 2974
41 4494 4017 959 3203 148 2499 1733 262 1496 4545 3548 3013 404 4258 1023 3469 1912 1692 179 3589 4419 3965 3852 3406 1966 3353 2665
42 3136 3485 4240 1912 1750 1125 45 3927 2946 1743 3796 848
43 2401 1644 1364 297 255 713 1123 441 1890 1186 1867 2244 2244 2598 1430 1583 2515 2864 641 641 3278 3796
44 3610 758 2146 3634 1960 4517 3817 1050 143 194
45 2729 1087 4637 1928 3435 597 3514 3514 632 3888 633
46 2143 3711 4239 2548 1947 2751 2799 992 1727 1916 3796
47 3516 3136 4097 4361 4229 2340 927 2605 3060 592 2301 2846 2992 2592 2304 2917 4166 64 2807 1681 2165 2468 816 1710 857
48 3300 1282 1224 460 1226 1877 307 1978 1965 376 2474 1988 179 1148 891 689 1684
49 4575 2524 3010 2133 1682 342 2107 4195 1812 3263 1373
50 3516 4097 3142 2846 1918 1328 3233 1656 4358 686 1284
51 1282 1282 1282 1224 1224 1224 3395 1877 1877 1877 3884
52 1521 3959 3548 66 4131 1577 2067 1796 2910 1423 3426 1433 890 732
53 2550 3664 1302 11 3548 661 1966 2884 2772
54 2917 3584 1023 1647 2687 1367 697 1493 194
55 4575 2844 2284 4408 3320 3413 2046 4227 3196 2274 194
56 4508 1776 1165 2100 1120 2923 3621 1320 4569 3327 3118 792 2447 1209
57 746 662 513 1662 845 1960 1864 4311 3879 3327
58 1579 1096 4059 4517 1847 360 4559 3765 2961
59 1579 4533 965 1945 2131 3684 3289 3289 2160 1968 3240 3118 1235 2607 2117 2763 2975
60 1118 4160 2498 3185 1833 307 1965 3448 2354 1966
61 1797 4372 3638 4418 1943 4268 1260 1788 757 3292 4056 3679 2107 3263 3118 185
62 772 3157 4258 2107 1844 1493 2260 1148 3263 3263 1672 2389
63 530 1124 907 2471 101 3389 3450 3167 1399 2963 501 4109
64 4248 2908 2196 1310 1847 1062 3915 1875 2927
65 3137 365 177 530 980 646 3056 906 173 972 2805 1396
66 3855 3064 2754 4635 1571 1377 1425 847 1881 4060 1558 1727 1036
67 2401 2820 4328 2917 3416 2023 1577 2079 873 641
68 609 319 3664 4598 3424 3052 3548 1947 1965 2687 1042 4483 1493 1133 2176 1646 3191 1626 3193 1672 3751 4351 4647 1906
69 268 1282 1224 2144 3441 1877 2987 4427 3257 1847
70 151 740 2253 2917 3651 1233 1222 3029 4091 1457 1529
71 4395 2498 3157 4085 1948 4311 1493 1966 1964 812 4014
72 1998 1981 4357 758 2146 3538 3357 3352 2713 2927 4219 1350
73 2740 2132 1663 362 4240 1787 111 2880 2995 2473
74 1909 591 177 3053 3328 42 1647 1925 2835 1259
75 4097 4122 2846 357 3263 56 1225 4298 4139 3392 194
76 3317 2810 1965 1720 9 3118 3193 1660 1381 3702 1564 4046
77 1410 2822 2822 2822 2081 3945 2248 3263 3175 198
78 4000 900 1795 1255 556 2139 619 607
79 3567 2512 530 1119 2166 9 4589 2551 2805 1672 132 3769 1745 995
80 3432 3566 4268 2262 259 2931 1436 2327 170 4517 964
81 103 530 2592 2304 1965 513 2283 3056 1519 790
82 3186 4118 3173 2735 1310 828 3682 1616 2558 1618
83 2198 4433 3846 1861 103 242 2498 3185 3523 2813 888 4370 4370 4370 3674 3674 3674 3674 3674 3674 3674 3674 3548 1667 4357 2687 513 3961 1098 1912 4253 508 3776 2166 3879 1493 2819 2855 1148 1896 4516 2551 3056 1291 2176 4522 45 3342 1966 1511 2074 146 1036 2174 3534 1381 3265 2884 428 4498
84 3250 3660 319 2100 3012 1450 3962 3362 368 1146
85 3300 1282 1224 2184 530 1877 1965 1645 1125 2289 2385
86 3485 2902 809 507 1112 1711 3349 2437 2992 4318 1788 4660 4660 3795 2656 2434 2887 1117 1660 1660
87 3855 1651 1663 242 541 2972 259 3388 3388 2614 1964 856
88 1397 3924 3577 3433 2143 2236 1651 559 1778 374
89 956 4224 3829 1651 1762 572 4451 993 856 3599 194
90 3484 832 3484 4636 3644 2511 1704 1943 3129 4298
91 3593 1651 1651 2804 3328 2262 4240 303 4483 2809
92 544 1343 1232 793 4134 319 2574 977 4658 2807 4598 1628 3623 3497 2747 3006 3165 3131
93 85 3005 2076 2753 2707 691 2107 976 3263 2675 873 4298
94 4635 2232 897 3482 1376 1470 1948 2967 3537 2585
95 1097 921 3566 4201 3487 2382 758 190 44 2327 170 210 784 856
96 3706 1207 2820 437 2088 1557 2284 2438 905 1913 2276
97 3706 3706 2104 154 4328 3932 2531 264 877 2633 2995 2995
98 481 4598 307 3730 4273 1119 1108 2983 1857 3056 538 3736
99 1282 1224 1669 1877 307 3013 3961 1912 1488 2608 995
100 927 3060 344 3639 3512 2258 1392 72 4042 2592 983
101 622 4020 3786 2574 1486 2512 1935 112 2488 814 1735 3904 3984 4292 826 3586 1133 3618 3716 520 1519 1925 1391 1635 1635 4109 4387 3045 3045 1126 1126 504 2106 1002
102 1219 1550 2154 4064 1551 3448 234
103 3485 2698 1336 1651 3679 2555 1908 2289 3572 1996 3703
104 3577 3019 1517 3114 1647 22 2196 2777 1553 561 3807
105 4603 2240 4527 3174 2592 3338 1662 369 2866 2435 4347 2924 169 619 2229
106 1187 4637 2099 4286 1132 937 1529 1925 4501 3249
107 4241 349 4213 833 4568 1780 1260 1214 1828 3637 2765 49
108 1602 1118 204 4128 1965 1647 2107 2824 1583 3974
109 4539 1218 3652 3843 165 1829 712 2189 4380 1847 3965 1235 3175 3302 3572 3656 3351 194
110 2004 3715 959 4407 2512 4476 3978 18 3369 858 4111 4299 3221 2416 4346 263 979
111 2421 3145 3834 1454 2164
112 4097 4117 2846 2527 757 1652 2107 2324 3823 877 2633
113 2597 3464 2001 4133 2033 2532 4369 2071 4517 3787 197 3530 294 3845 2359 4073 4058 2891 570 3477
114 2309 1776 238 1788 1968 976 1847 3263 2861 4298
115 854 3846 477 3604 2487 802 1783 87 2204 4272 884 1216 1643
116 3957 1579 4465 1833 4384 1498 376 2325 4216 2289 1964
117 758 1100 1023 2629 1755 1158 4391 3572 636 1370 2899 2763
118 2729 760 3566 502 1983 1983 1651 556 1912 1749 4483 2327 170 1635 4139
119 3152 344 4047 2155 3508 1702 423 981 3178 2616 611 82 4139 2802
120 3596 3289 4561 2434 2887 1847 631 2255 4378 4378
121 138 704 1799 1795 2245 4140 2146 4195 4586 54 4177 4027 2447
122 1572 4503 993 964 67 1529 624 3622 2267 3455
123 3855 1352 1675 4127 4075 572 2598 3558 3278
124 3136 4594 4148 152 3152 4425 927 2771 4305 1688 4638 2779 1882
125 2440 653 2376 4509 628 4177 3608
126 85 1112 1249 1061 1948 3263 4025 4216 3108 3535
127 2277 2143 3970 2536 1912 1908 2089 3585 782 1925 4028 2106
128 2277 206 2386 918 3290 2434 2887 3617 3498 1996 656 2974 4574
129 2097 4371 4600 2498 3185 772 888 2020 1869 4163 1647 2687 1376 187 2681 1493 1148 1094 4274 3852 1241
130 3675 1219 2154 556 863 2890 234 3572 3059 2470
131 503 1459 3420 159 2587 1586 744 1834 3431 2546 4482
132 1087 3557 4654 2262 2523 3213 2079 1310 3222 2293 2694 3201
133 3566 4233 2327 170 4380 1148 3309 1672 3206 871 995
134 1945 771 137 3005 3432 3573 1150 4303 856 2179 332 194
135 2696 2165 1912 413 1766 1191 926 180 3023 4610 254
136 3517 3638 84 1585 4243 2521 3791 414
137 2710 3566 3566 3566 2327 2327 2327 170 170 170 3528
138 666 2932 851 496 1780 2 2656 44 357 2721 1963 2772 374
139 3846 1282 1224 2968 3185 1877 4303 708 884 2890 4191 1747 207 4298 548
140 4560 4143 511 2461 3131 3789 2352 1848 2553 1159
141 2729 1282 1224 103 530 1877 1701 3679 3450 501
142 2729 3924 3152 4606 2323 2592 4637 3678 2035 2898 1881 4505 3188 3832 1294 1191 1133 3429 3275 3085 2265 1003 1086 4161 1370 3857 1917
143 152 120 4249 4321 665 3869 594 1898 3451 2786 1660
144 2978 434 994 2406 213 3269 1600 3681 3524 1922 990
145 4602 3150 3967 2908 2165 51 2814 3118 1646 1370 3888 4076
146 3957 1282 1224 1118 4122 2844 4206 458 1226 1877 1633 1647 3992 1147 1299 4569 4331 1847 78 2194
147 854 35 1282 1224 530 1877 4468 3301 2653 4483 884 2313 2516
148 3300 457 2076 2592 1783 87 930 884 586 3498
149 3137 3689 530 4341 1338 2677 1960 4226 3056 2789 2329 3719 2896 32 1381 794 2761 4252 3742
150 243 2822 2143 3533 1828 2987 3289 423 4298 189 4215 4139 194
151 724 3924 2253 2322 309 4149 4149 3566 3566 3566 1143 1776 503 4408 3371 3371 2223 2804 4318 3648 2 726 2107 4044 839 4 961 1985 1985 2327 2327 2327 170 170 170 1968 1908 1847 3263 616 616 3108 4323 298 2815 4610 2387 1996 732 1340 2772
152 3720 2118 2253 1797 1809 729 3002 116 4311 432 3719 1507 2068 3796 194
153 2131 2988 3077 1844 2788 2757 597 597 1518
154 4325 823 635 3619 2481 2002 2839
155 3998 328 2124 3060 3349 3550 1969 2903 1435 3918 466 472 1316 3645 1660 877 2633 13
156 4019 3328 541 3348 608 608 3727 4342 3414 4004 360 4559 656 325 504 1002
157 1602 3977 4465 530 3185 4048 708 1125 2176 1396
158 2529 1301 3468 1498 3370 3627 9 2342 2379 2416 828 4291 2360 4563 2138 4599 1791
159 2628 2628 2628 284 3706 393 4590 3441 1665 2689
160 4619 2512 3403 3399 4004 1925 2880 2927 1342
161 3604 1482 725 3417 54 3036
162 4213 2459 177 38 1505 3328 843 608 3649 987 1326 3852 624 3783
163 2978 547 1193 2258 2075 319 3866 968 2348 3886 3978 1273 1273 1864 976 3263 3263 416 3736 1999 1986 2229 1369 3796
164 1478 2498 3548 659 3581 3121 1745 2609 3246 459
165 2316 507 3139 442 2992 541 1572 3679 1384 3634 1908 2052 4036 264 1028 3176 1654 660 4227 2619
166 3411 3411 3411 3411 3411 3411 3411 3411 3417 2973 2218 3113
167 4229 4031 3948 1599 449 516 2592 855 4248 838 4390 1375 2588 3544 3813 1503 2450 520 4337 194
168 2771 119 3557 4143 2280 3450 1427 2757 501
169 1240 2307 4101 2819 1772 2616 3875 4510 2849
170 4395 4407 242 530 2498 2363 1012 1988 277 1966 2732 1906 3839
171 3922 3684 2930 2579 1548 3824 3635 2072 2434 2887 2274 4139
172 929 1282 1224 4159 4042 4537 1877 4521 9 3729 1189 1793 4363 1172
173 4575 4157 3715 2155 507 4568 4032 351 3411 541 4564 3634 1968 981 3263 2185 3323 1440
174 1780 242 1338 3010 1647 682 4195 2176 979 3782
175 242 530 2440 1100 3388 237 179 1493 1847 1966 638 4139 4076
176 709 1294 2107 2930 976 2293 1609 2789 3312 1660 3760 378 1370 756
177 3516 4097 2504 2820 2846 3292 1314 3634 1542 3758 1898 2289 2091 997 2084 194
178 3516 3485 2902 177 3786 1052 2987 3984 2107 3346 2434 2434 2887 2887 1472 2694 1635 1440
179 947 14 1032 927 3444 4169 1041 1303 400
180 530 772 3735 3314 1148 3352 1660 4487 1964 856
181 3926 4638 2972 3548 3358 2570 3331 3309 1672 1966 1369 2884
182 4577 1888 259 933 3676 1734 4452 3056 2379 1291
183 2277 3566 4506 1788 3648 2304 1233 2 1245 2327 170 4139
184 392 3584 3324 4339 1294 976 2862 891 478 1660 2349 2609
185 4653 1940 3626 3626 2365 4279
186 3136 3485 1608 566 2810 2816 2591 3166 665 3301 2653 2141 4492 2890 3043 2809
187 3922 2729 4544 3714 4459 4455 2428 360 4559 4298 2014
188 2628 4256 2988 1301 3077 758 2168 2788 545 2140 1848
189 591 177 4265 242 4637 155 4248 112 3413 1660 624
190 768 177 1711 1691 1585 1429 282 3110 263 1423 3043
191 268 3566 409 1288 1243 2327 170 974 4139
192 2155 1675 3283 3241 2465 2892 3309 4170 2186 4489
193 243 119 177 2816 2908 3331 3178 2260 2183 4004 2880 1433 2632 1546 1371 558 3089
194 927 1386 4186 935 2784 2018 1481 3734 1565 3409 707 1438 940 1942 4096 7 2904 4040 3354 2668 446 1014 4067
195 3343 1236 530 1509 907 2107 4349 3263 1583 4259 3852 1672 3751 3701 3572 4298
196 2337 948 3372 2781 1587 1166 3689 2865 2992 3039 2330
197 103 1600 541 1965 2474 3057 3787 884 1133 2112 1094 3056 4499 1227 2226 1110 2727 538 2433 641
198 3517 2044 2331 829 1733 3482 2578 1844 1727 2861
199 823 3326 1443 1341 3279 2949 4275 1293 2019 176 1961 1109 189
200 3584 2908 2774 2317 3993 4440 3923 3191 1326 1201 3342 360 4559 2915 3905 2014 2410
201 1130 1239 4157 2514 1279 2304 3415 2107 2734 2531 3426
202 3555 2277 1282 1224 3566 1877 1422 2327 170 2302 313 4139
203 2277 1674 242 2917 2048 2873 3404 68 1787 826 337 3685
204 529 2281 2386 3868 4436 2397 1755 3046 4493 794
205 3136 4263 4408 2592 4240 2375 2224 4456 1007 3934
206 2771 1602 4160 3977 2184 103 530 1297 307 1713 1493 2675 113 4343 1966 2187 3386
207 3300 1282 1224 1651 2335 1877 1299 2333 4028 194 194
208 3604 2143 507 2487 4581 2133 3417 2434 2887 1847 2594
209 309 309 2104 2132 1651 3492 2490 3833 452 3389 717 828 2185 174 174 264 264 1654 4631 2571 3702 1554 2940 3934 287
210 529 2281 3261 2844 3752 503 1301 2065 1640 3544 3572 2644
211 1602 1911 3421 1965 1098 4290 1492 1526 1926
212 927 2124 3706 1757 4007 3118 343 3911 2967 852 2750 2644
213 3136 73 4157 3583 261 351 2288 1310 4457 2705
214 4486 4486 4486 4486 4486 4486 4486 4486 4486 4486 4486 4486 4486 4486 4486 4486 4486 4486 4486 1017 1423
215 700 1882 1773 2851 2715 2027 3272 1886 353 1160 4066 203 1442 397 4172 1064
216 2203 4600 244 888 3013 2295 1965 3961 1098 1912 1966 1300 2300 790 988
217 3326 1598 547 3885 1044 1560 2592 0 707 1578 3040 212 1399 69 3938
218 831 755 2955 3664 4107 3185 1792 2160 4045 4045 981 2195
219 1521 2992 2248 710 2652 1574 1432 3357 3182
220 809 1213 327 3689 1425 681 681 4540 464 998 59
221 4513 2220 156 3828 286 140 4306 225 1586 1727
222 3464 3688 2917 395 1787 4419 3263 4298 4139 2797
223 4533 1579 285 1651 1651 2804 2700 1411 2130 2644
224 835 3376 3664 3518 3548 179 2877 1043 3953
225 2348 4422 1561 1583 3955 1489 2801 4442 1678 2701
226 1273 734 1091 1583 880 766 1745 623 3179
227 4575 3186 3408 1782 410 1417 3679 470 2071 4303 976 1006 1703 3981 1532 249
228 8 3567 648 242 1396 132 3888 2791
229 3675 1120 4330 2804 362 758 303 3312 2405 1744 4109
230 1455 2545 542 970 1289 585 430 180 2119 4217 3265
231 2572 758 4310 366 2037 3336 2890 1660 3162 2974
232 611 3195 3499 887 3101 2906 3535 813
233 3997 771 1118 3762 3229 2363 1965 1679 1938 4298 4112
234 3720 1282 1224 3786 1877 4384 245 1901 3338 1714 3760
235 4229 540 3372 1587 177 3156 2460 3389 377 4121 3381 4004 435 1624 3045 1126 504 4382
236 2286 2519 1120 745 2708 1857 3981 539 1745 1900
237 3243 3531 3338 4311 1894 1586 3719 997 675 3796
238 3334 4261 1250 4033 915 1580 2439 3078 2663 3413
239 1163 4147 566 1301 1780 546 4398 4328 1850 1863 1720 2816 4320 1748 1446 422 1375 3833 2434 2887 2169 4049 1689 46 1227 3205 1610 249 2933 1727 1727 2971 4659 1513 1964 862 1391 543 3545 2632 3662 2068 1706 142 1624 2462 3718 3546 4489 1530 3089
240 3885 3885 3660 4329 3251 4273 3524 1578 1222 2414
241 3876 3372 2348 3664 530 1509 513 0 1578 1609
242 3333 1282 1224 4627 177 3837 3786 746 2712 242 3328 3411 1877 1863 4467 4236 1017 4310 1174 845 3 68 1847 3710 1703 3125 2725 1925 1089 1635 4079 3045 1126 2106
243 1353 1505 2338 1633 149 758 1647 1912 981 708 3964 2805 3875 1966 1718 1424 1490
244 2277 2044 1336 3566 3566 3566 2327 2327 2327 170 170 170 642
245 752 224 2112 2551 1463 427 1252 1745 2174 2025 4338
246 1106 3715 3706 3026 297 362 2182 2873 2023 2196 1787 4612 2541 1360
247 2131 2309 502 1983 2088 2438 4240 1847 1847 264
248 1521 448 1728 4122 1983 138 2067 3747 3330 1847 2293 1660 3509 3761 370 194
249 3259 3883 1908 3263 2416 4412 4456 2974 3440 3201 194
250 927 705 705 1118 1602 1213 319 1780 3770 1508 4598 3548 735 2193 2264 4357 192 2177 1968 4281 1970 375 4612 1583 1480 4385 1962 62 3480 1966 2066 2415 1938 4298 380 2853
251 1702 1801 3338 308 1532 2927 4139 2692
252 401 4130 321 2582 1141 1908 1847 4359 3572 3392
253 3924 310 3208 507 2591 2107 4195 930 976 4139 194
254 3449 3283 1329 2107 3429 3450 1158 298 501
255 4213 1282 1224 3579 177 959 3449 1213 4051 4465 3328 1877 3548 3949 2741 1709 3313 68 3813 3450 3733 298 1925 3195 82 2637 501 4109 1994 4015 3438 2096 1871 504 2106 2314
256 487 129 1574 1822 1822 3088 4612 2671 2022 3102
257 2103 1579 1207 2685 1822 1245 1407 780 3911 3701 4090 728 2443 2963 1868 2415 4511 2230 1363
258 4395 1550 4160 136 3457 499 103 3185 3523 3423 307 3013 1965 4478 2200 3833 2756 248 1966 3835 81 4337 2974
259 2483 2251 3376 4366 751 4537 2171 1103 1112 481 71 2992 52 530 957 4598 3623 4357 4296 2646 3273 1538 3263 3263 1432 1513
260 243 562 1810 2551 3809 4607 2786 1865 2725 4616 2151
261 4086 2922 3463 2262 2917 3441 3539 1248 758 2107 4331 1847 3888 4139 4139
262 927 3715 2319 2563 3360 1810 1780 3335 180 3809 3252 1964 2138
263 4627 1674 1453 177 3640 2358 3313 1492 3999 1002
264 2483 365 177 3786 3328 2440 726 3404 68 3309 377 173 2706 2723 4187 3608 3944 2096 1002
265 3136 2820 2262 1421 4240 3684 758 2342 1606 1514 656 1816
266 2131 507 2104 1776 261 2324 3263 3118 1768 3175 2618 2445 2077 3702 4139
267 1579 1282 1224 3328 1877 3950 4346 1235 607 3572 3228 2974 1994
268 3566 2204 2327 170 1252 198 1234 2353 2755 902 2274 3253
269 23 4160 3449 3786 3291 3425 2512 530 2498 3185 897 869 307 129 3404 1492 3309 4587 1672 1966 2974 518 315
270 1282 1224 1877 1141 2475 1472 774 4298 55 2940
271 3485 1733 2833 1150 1548 207 3264 2276 3494
272 1118 4144 2650 3664 3424 3423 1667 1869 669 4479 1988 1148 1148 3014
273 2203 3279 838 1984 3190 981 4299 1178 4548 2856
274 1537 1651 261 1799 3860 3540 964 2043 3305 4524
275 1478 4122 4568 307 339 2987 1647 1264 141 4 179 1893 3257 3572 1964 2884
276 305 3334 2624 4207 4169 3846 3548 976 2434 2887 4298
277 3876 1815 4265 746 4600 2972 1180 608 608 608 2107 845 179 1513
278 2754 92 2035 1504 802 1387 133 1139 1763 2994 3911 403 63
279 1282 1224 1000 2512 1877 155 1912 398 3525 2077
280 103 3523 1081 3874 277 1672 1966 1964 4168 2853
281 1103 4135 3987 556 1290 4044 1989 2436 3825 3572
282 4141 3109 71 4264 977 3815 652 3067 3009 99 3180 3439 2696 1434 3717 2178 4601 4598 1628 2586 2444 1388 2347 933 1886 4259 2343 3063 2242 209 1437
283 4156 2712 2873 3083 2339 1100 1023 1647 2660 1635
284 3485 3715 2512 2493 1452 907 3144 1948 1133 357 357 2112 1059 2416 4027 1738
285 1282 1224 1557 3129 1669 1877 42 2639 1749 3801 1966 1300
286 1193 1707 1599 2574 4310 4285 4558 377 2385 4004 2246
287 3786 4202 1798 746 3652 1831 845 4611 68 3733
288 4596 4430 507 4009 1720 2133 2569 4 4139 2084 194
289 1282 1224 530 1877 772 1647 585 430 2187 1848
290 3355 4230 1642 4054 3715 1754 3230 2207 758 175 1370 1346 4139 3093
291 3208 1780 98 930 976 2434 2887 3981 4412 856 1368 15
292 854 1282 1224 4206 3328 1877 87 1645 1264 1735 3519 884 708 1125 2289 2805 1396 3223
293 4086 1797 4654 3684 3212 1298 1076 3271 2416 1931 2720 4153
294 3898 1788 2067 3732 537 1227 834 2982 3906
295 1780 1026 1574 2666 4285 4285 4285
296 1421 2917 758 758 2700 3963 2890 1660 698 2077 2974
297 954 1273 1294 3319 4612 1135 360 4559 512 3514 3514 1848 2383
298 2298 4541 1222 4299 123 3055 4269 3182 3570 78 454 3112 4046
299 3924 2131 841 2190 2262 1993 4221 2397 3090 3213 4517 1199 3572 3107 194
300 927 177 3616 1233 4341 4341 4341 4341 4190 2636 388 2246 624 3796
301 3449 1651 3441 2816 1844 4101 2313 3803 1778 3934
302 4445 2645 1452 3844 4292 3697 1822 4355 4355 3798 4617 2364 2467 4184 4440 731 3302 3830 1221 4364
303 4117 657 1788 3292 777 4608 2107 3709 2526 247 1373
304 2752 365 1275 959 1651 4400 2916 398 616 3045 1126 194
305 3924 3152 4365 3485 1282 1224 1832 3513 3141 2837 1347 507 1776 1588 1831 1680 2035 3411 3468 1459 1877 735 1907 1338 1387 3942 663 271 2579 961 2324 3797 1908 3732 3659 2112 2494 80 999 4027 741 3823 3852 1241 2727 3976 885 1744 4562 3236 3563 3113 955 3443 2352 606 4649 433 3382 2609 2609 3130 2077 2906 2772 1418 2080 4431 77 2925
306 3855 1087 3041 1401 3030 1789 1497 363 3692 2155 554 3484 3484 3960 1458 4435 590 3038 2365 348 2992 2992 4466 1739 3831 4637 2347 4189 735 2193 511 1699 259 118 3273 4388 2107 2587 116 2079 3883 491 3277 318 96 943 3389 1247 2046 3473 264 937 3431 2265 209 1529 479 896 3588 2138 533 3195 3792 660 1683 624 1267 4364 4267 3897 90 143 2772 1014 3377 612 3554 3154
307 505 4328 3784 2413 293 1851 1929 1631
308 3508 843 1330 4515 2169 2256 386 4367
309 2512 3753 68 1318 1903 1619 607 3609
310 244 3328 2592 4424 4424 1023 1912 1622 4483 3413 4299 1623 1747 2385 3236
311 1935 2863 3493 1928 2390 3331 3565 3676 1222 557 122 2008 4557 3024 62
312 929 2131 2833 4613 3629 720 1960 452 3428 2138 3670
313 984 3567 3300 2483 1983 4517 708 688 132 873
314 3334 3957 3366 1464 103 4491 3358 3504 1338 1119 575 60 2540 2855 1408 1186 2161 3672 3056 2176 1903 3386 1020 2896 3835 2077 677 4414 3278
315 4117 1412 2233 2477 4078 1494 4103 1950 4579 790
316 4532 158 1757 1048 3361 2833 3642 1672 3897
317 1087 1602 1669 3185 307 745 1098 2079 594 2008 2176 1966 1370
318 1253 1382 2334 2523 1968 3635 236 4412 656 2974
319 4097 2902 2846 1633 4 4078 2434 2887 1488 198
320 2322 2710 2820 3518 2527 2262 2756 4345 4082 4172 2383
321 1282 1224 1173 1877 4052 3523 3548 3776 3223 3839
322 1559 3846 530 2498 1338 0 3795 4146 2342 3175 1966 2252 2967 2077 194
323 3136 3566 362 2146 4481 2490 2579 2327 170 4515 134 2419
324 177 959 1979 1353 235 4181 915 155 339 4258 1647 1174 762 1842 2045 2660 1977
325 1776 3048 2262 3289 494 4331 1310 928 1847 3340 1144 2584
326 921 2752 1880 1909 1275 1213 1162 2533 1842 3045 1126
327 3516 3675 4198 4471 1205 3518 1788 3289 3118 3572 2926 701
328 1973 3566 1776 4608 2327 170 2938 3821 208 3175 2789 1660 656 194
329 994 554 297 441 3256 3681 2936 225 4439 1865 3001 4609 641
330 495 915 200 1821 1853 545 3867 4313 2021 384 157
331 3344 3432 3898 773 1651 709 2173 1944 868 2579 2128 2416 2416 856 130 408 3761
332 593 2987 758 3614 3848 3 3755 1542 4380 3056 1227 3312 1370 910 2635
333 3924 115 3706 4265 2512 4179 758 4339 2555 1330 3669 1847 3221 389 2068 4298 4153 951 4574 3796
334 1282 1224 394 1877 1918 1851 1523 3911 856 1629 4489 3102
335 4100 35 3300 2529 3536 1983 3898 2088 3752 138 503 4408 2438 3829 2335 2262 556 3679 1912 2204 976 357 1908 1847 3654 1396 877 2633 2940 194
336 1510 1319 2623 2262 1245 1245 3413 4342 3429 2606 1540
337 305 2277 1880 3317 3786 3284 3853 869 3884 2039 1647 1912 3925 179 4087 3221 2170 2013 24 1635 143 428 2393
338 2837 2499 1119 4178 277 45 2919 689 3763 4046
339 3566 2987 758 3679 2327 170 1235 4298 1051 194
340 3457 3894 2143 2143 2143 4517 981 1661 3505 4615
341 3566 3566 3566 3566 2262 2327 2327 2327 2327 170 170 170 170 3528 88
342 2794 1420 1309 3472 3298 3687 1668 2277 1242 3485 2337 2876 206 2171 2104 4106 1103 1112 4528 2010 2992 2992 2248 676 351 1214 791 1417 4660 2110 4209 2796 2107 3562 2209 4164 1661 3263 3263 2938 4474 3809 3817 3175 3175 1252 198 263 1939 2611 3315 2997 674 660 3865 2274 2057
343 4160 1336 2512 3301 2653 914 179 3923 2013 3191 4573 1906 3704
344 4636 3644 1983 2844 437 2284 2067 3950 3950 1404
345 3836 2155 2035 4243 649 1314 2774 3973 1316 3993 123 1857 4027 3507 2510 3576 1835 643 43 1474 461 2502 4429
346 3715 1317 1301 3529 607 692 698 892 732 2763 70 1690
347 124 2199 2199 706 1780 3664 2813 3013 2497 2838 4205 3413 1844 1493 9 3912 484 277 1982 3309 1291 4553 1751 1966 2576 3826 902 624 1381 1743 3764
348 3675 4086 4149 3364 1651 3292 2917 2182 1171 1061 758 758 1647 22 2568 1985 198 479 877 2633 4039 2995
349 3706 1904 3208 600 18 4477 3118 3817 1234 1234 168 4298
350 3401 921 1282 1224 1118 2645 1877 772 888 1647 726 4373 4554
351 4097 3300 1282 1224 2846 2512 2262 1877 4384 1912 2068
352 3485 1103 1675 1214 2035 227 3983 2993 264 880 2997 4453 2840 143
353 2759 11 3348 79 916 1748 3241 1693 2107 4195 3263 2531 1646
354 2822 2729 566 1651 1651 2010 2579 1908 1847 1660 1115
355 2345 1602 4160 2149 4627 2752 3218 2472 4063 1453 177 3185 4258 1023 1167 1142 1966 4124
356 2729 3957 1118 3185 1833 1119 179 1148 1672 3702 1554
357 913 529 2281 2621 2512 1310 634 1761 3221 595 3572 4153
358 1651 2262 2035 150 911 1847 4299 3570 2789 4125 2425 4294
359 2771 1550 3356 2512 161 2908 3403 3627 569 1962 564 3793 3089
360 35 4466 2572 757 1698 2878 2434 2887 4380 2989 1847 3981 2436 2606 871 4298 4139 3201
361 1602 530 4181 1670 708 1492 3263 1526 1466 790
362 648 2047 1138 79 467 889 4589 2723 4187 1666 3223 1418
363 2277 177 719 4070 758 4302 2555 4195 68 4515 987 3263 3221 2344 3525 1925 388 4227 3127 1758 3851 3746 2096
364 4240 4243 1855 758 3774 4441 413 992 1062 1683 32
365 3887 1780 3829 713 897 4309 3649 2693 2895 3239 2161 3029 3809 2379 828 1053 3701 512 3545 1683 1769 1566 1172
366 2088 2088 2438 2438 1651 2223 758 3248 1750 3257 4139 1136 194
367 1602 1118 3977 2036 2499 530 4550 3185 2613 1833 2803 1876 653 1647 1264 1912 1148
368 4149 3508 1305 514 4190 1985 452 3731 877 2633 65
369 768 1702 2917 1878 3724 1479 303 1730 1227 4358 2660 2249 2880 40
370 1533 2131 3441 559 1912 4195 3399 2024 1606 3118 2436 1996
371 2269 1909 177 2981 2651 3047 3424 3686 3674 4357 4296 1647 2371 2465 3313 216 106 1696 277 3309 978 3602 4411 1623 1966 1529 3789 3863 4004 1495 4530 1381 4109 2884 4489 130
372 4042 3262 3886 4118 3053 3439 458 2586 2684 425 3493 3015
373 4638 258 3272 9 4281 4535 4121 3746 4076
374 2845 2269 1275 1323 1187 2873 1657 1682 282 141 3647 1495
375 3516 4097 3578 2277 2605 2236 2846 1788 2289 2138
376 2547 6 927 4395 1282 1282 1224 1224 3954 3349 4118 912 1877 1877 3157 3423 307 3469 1912 3303 636
377 1531 3850 3721 849 108 2781 336 1724 4134 323 1885 985 148 2219 4658 2432 109 3958 3623 4155 3251 1681 3962 664 1201 1962
378 1282 1224 1877 3358 3404 2079 3917 3330 1121 3572 3113
379 4265 3425 3185 888 3941 4384 1429 3548 2234 2474 1330 4369 1133 744 3309 1291 3312 4062 4112 532
380 2698 2083 1464 2613 3358 1645 3171 3404 2107 2772
381 2787 4097 4229 927 2841 2322 3512 4636 3644 1704 2846
382 3766 757 3346 4571 2670 3572 1932 2606 871 4298
383 4396 3846 1810 44 4212 1310 2938 3118 2138 4267
384 1065 3100 3871 3652 2192 2505 2646 1886 4214 1612 209 1391 440
385 4485 1788 3630 2262 1543 3963 573 3569 1115 2593 4364
386 309 2498 1965 2681 3627 1493 1697 686 686 3839
387 3456 4000 2837 2820 3065 3898 3898 2284 3328 1387 2931 2275 2434 2887
388 2277 4622 2634 3669 1215 4385 378 4298 2974 4139
389 1647 1748 661 2461 277 2773 3691 3852 2385 2884 4414
390 4050 3485 2004 177 1323 2309 1112 3037 1680 3784 4253 2641 312 2324 2342 3263 3263 2890 1768 1898 1227 4645 1235 3381 606 1963 1566 2927 3857 1223 3671 4099
391 4097 1039 2846 2365 261 3753 2250 3263 2890 951
392 2270 103 530 3523 42 513 47 872 838 1577 884 920 3056 1672 1848
393 4247 3300 1282 1224 2512 3328 1877 1912 2663 3163 3263
394 1155 1568 3566 1965 4368 2656 3969 839 1749 2327 170 1908 1847 1370 856 2974
395 243 1210 860 4229 3675 3387 1285 2539 758 3544 2342 3059
396 685 1469 3627 4586 3029 909 435 1986 3246 4218 857 3089
397 1852 3349 2992 1382 2035 931 464 2543 424 1765 1361 2491 3118 3495 816 677 1953
398 1998 1389 613 695 3263 1591 2469 2469 2179
399 4241 2729 3485 565 1777 4123 3272 3110 1527
400 4395 4160 530 307 3548 508 3879 2551 3056 2446
401 2143 3566 2987 1416 2327 170 2496 1942 3033 1229 2893
402 2710 3478 2155 2143 3231 4284 3057 3257 4558 267 248 249
403 1352 1651 1843 1902 3969 1465 251 1990 3572 2733 3744
404 1382 258 107 1783 2523 87 1298 398 1692 3221 3901 175
405 1282 1224 959 721 1877 3281 647 2011 3399 4068
406 2661 3137 191 3706 1602 4160 3939 3548 1291 3461 4615
407 3485 836 1155 3019 507 499 802 2561 2938 1566 2068 194
408 3372 3174 2917 3097 669 1365 1636 3338 4643 1822 1960 1960 1316 2819 3911
409 292 349 3989 2143 2403 3560 219 861 4416 248 1660
410 562 3343 4485 3379 2361 3032 4347 534 4335
411 177 3328 1100 1647 246 4582 3767 2933 4004 4489
412 261 4135 3684 4339 1812 1989 3823 75 2979 3702
413 3456 86 2144 4583 1425 2810 918 259 123 3890 4553 396 1623 1727 1257 3935
414 2798 3397 3855 1648 4651 469 2337 2114 849 108 1497 2766 2001 2010 52 4637 713 2412 2923 1935 3679 2685 20 2079 3802 3572 4480 2806 1005 766
415 4537 745 1294 1729 2071 594 2862 1790 3221 360 4559 812 2915 2595
416 4575 913 3638 2143 2143 4486 1780 3829 1651 1651 2742 607 207 856
417 1579 3684 2090 1647 2687 1447 1310 1493 3551 656 4379
418 1776 1776 2804 757 758 2823 2518 2974 2763 4139 194
419 1249 1406 1026 2908 2434 2887 1583 2938 3175 1962 2294 2068 1381
420 2729 1805 2771 3425 530 4637 1912 4129 1292 45 1643 2187
421 2620 4433 2498 3548 1988 4311 4178 1081 3198 866 866 2861 3608
422 3846 1282 1224 507 1260 1877 2838 2434 2887 3263 3865
423 2818 191 1282 1224 136 768 177 1000 1877 864
424 609 1315 4462 2941 3118 3118 3118 1609 3943 2468 4083 2654 406 3775
425 4051 3853 735 1715 3925 414 2608 4028 654 2594
426 1476 4117 3972 1213 4240 4637 2833 758 2234 4555 665 665 2079 1844 1847 1847 3677 2531 3581 3118 316 4114 1423 1966 4150 1529 698 479 1370 3553 1964 2558 2927 1564
427 3270 2386 3129 2992 2917 3411 3398 2591 4339 3634 1245 2067 1411 2130 856 2593 2595 1752
428 1998 2978 3894 609 1780 1458 2782 52 52 4193 425 2909 545 2631 3713 1036 3238
429 1282 1224 648 1173 3376 1877 42 2881 1457 741 4324 3440 2585
430 3146 2804 3185 3229 220 2908 2656 2107 4500 4311 1081 3118 1201 2632 4139 1743
431 4421 1693 4061 312 4586 2878 1930 545 2986 2889 1373 3935
432 96 1157 368 3947 4609 1036 406
433 4230 1998 1389 3122 4513 2001 613 807 3541 2412
434 738 3977 4600 3185 1786 4205 2576 877 2633 2470 4574
435 1528 2065 4249 3963 3312 1660 3986 4119 4046 4536 1631
436 1319 3706 1268 3364 2572 362 2987 3932 3220 1847 1609 2995
437 3846 2959 3157 1965 3628 2537 1647 2474 1912 398 2576 3354 1840
438 1118 1149 1464 103 530 2363 3853 1713 1965 42 1912 4195 839 1938
439 448 1728 2132 915 1647 1693 4111 976 498 194
440 2767 2408 3584 2120 4517 2324 1324 1129 263
441 959 38 2548 1202 155 112 1716 991 1673
442 3555 1478 2661 3846 1602 1602 3977 346 4185 2651 103 3185 4069 2972 772 307 1947 339 2411 916 1876 1647 4146 2717 301 1493 4178 645 3964 1966 1511 2187 201 877 2633 1906 2429 4076
443 4484 854 4240 1446 3634 1245 320 1910 1296 1964 1333
444 2131 3139 2153 608 758 3370 4016 1590 2913 3935
445 3566 4240 2375 2327 170 1847 1527 4300 2974 55
446 3393 927 3485 371 2557 3655 1166 3349 2323 3994 1458 4398 4193 229 219 4242 425 3434 2116 531 4572 2825
447 1587 1057 788 1780 1233 3234 4589 920 3719 764
448 4051 2512 3651 3952 3730 1903 78 3842
449 1287 3831 683 1233 2863 2860 1438 3676 4301 1206 62 4620 2776 3249
450 1856 3725 1102 2512 922 116 1858 4203 3236 1743
451 3516 4097 2605 448 2309 1728 941 566 2846 2436 4139
452 1282 1224 1891 2572 3229 1877 4331 4419 895 2445
453 2131 2143 1711 499 261 668 248 732 4298 4139
454 3750 284 3566 3484 1780 223 1572 3932 22 2107 2327 170 2434 2887 1718 2927
455 3449 1537 4441 3461 249 816 2632 4364 1554 1540
456 1087 699 3366 4407 1651 2626 585 430 1577 741 1321 1321 2541
457 3048 966 2716 492 2262 1569 3497 3104 364 479 3426 878 3532
458 1760 530 735 2234 1119 3538 116 33 1864 4378 4631 1951 3246 4536
459 3136 1127 3122 1780 2512 4052 155 1912 1107 3221 3160 2952 2060 3796
460 4122 2132 2987 2 150 647 976 2977 1847 3263 3572 1370 1964 1848 4001 4298
461 713 474 3338 1818 3272 1638 3018 4625 1168 1546
462 151 740 2016 3749 1936 2716 2917 659 2703 770 4475 4524 4469
463 1087 1282 1224 1283 4496 559 1877 758 1647 2079 179 4153
464 3317 919 4141 4202 3037 3017 290 4448 190 743 2882 4192 3285
465 1397 3566 3254 526 1145 604 2327 170 3316 236 3345 789 2091 1905 3545
466 3279 2131 1983 2987 1181 976 3028 3028 3028 3028 3028 2052 2450 3800 1348 2655 3842 2349 4043 3780 2982 4139
467 1282 1224 2498 1877 2916 1735 2254 4195 3589 4196 1847 2868 2138
468 3720 281 1295 1112 2592 2304 4655 1222
469 4433 1888 2651 3185 1026 3469 1509 1722 838 1975 179 727 3879 1081 1148 733
470 3334 3300 1282 1224 2184 255 1877 2430 62 873
471 1927 3660 1044 1269 584 707 1438 1222 1471 3040 557 122 1834 1201 3342 62 2174 3907 790
472 2813 3992 3870 1912 3562 884 1475 1148 1646 396 1727 32 1381 2853
473 3250 3660 1044 2775 3730 1273 4458 2562 1274 439 146
474 4005 2908 2969 343 4090 564 2558 4364 4364 383 3392
475 4097 2822 2131 3706 3706 2143 593 1651 2846 3518 3648 1968 1847 1847 992 3769 3929 877 2633 4298
476 2277 4395 1602 1776 1669 2917 2972 3961 1098 3708 2073 2878 928 3221 1480 273 1938 2429
477 4169 4577 3274 131 28 3548 3118 3007 2326 3946
478 3516 1579 3715 953 2262 3684 2 2838 4098 2670 976 3263 1158 2368 4298 4298 4139 2084
479 1888 1945 393 1205 1205 3829 3829 2987 1345 1390 4277 1964
480 3300 1282 1224 1877 3889 256 3640 2 4023 2079 2974 3253 4139 2772 702
481 1282 1224 3786 3508 1000 2873 1877 542 1100 4310 1604 2318 4116 3389 1646 828 3585 4004 4028 955 4168 2884 3045 1126
482 349 2729 1352 507 2107 1577 2079 3346 976 2819 2434 2887 3263 2274
483 268 3333 1282 1224 4460 3638 507 3502 3292 1877 3640 3054 4027
484 921 1282 1224 1213 1877 3173 978 252 4024 1373
485 4646 758 1912 2416 4027 330 3719 2246 1381 625
486 2350 1776 3053 541 2193 3257 4082 611 82 4139
487 798 3536 2844 587 2236 1780 2514 4339 2375 172 2416 2416 856
488 3786 3328 470 3950 3263 3263 1903 1117 3572 32 4344 4382
489 14 3748 3279 2278 2287
490 206 1828 2627 4468 1912 884 2302 45 1378 4137 3783
491 2277 2987 190 4517 981 3222 1583 3587 313 588 3007 4364
492 1078 3516 3208 3566 3566 2917 1061 3254 2327 2327 170 170 4345 249 4359 3073 3498 2195
493 2822 1282 1224 2512 1788 2003 1877 2 1912 665 1370 4139
494 2396 2865 4601 1096 2086 1578 1222 2862 96 2332 3923 732 2057
495 3994 1702 2182 2023 610 1862 2470 2927 2884
496 2747 2465 1773 4311 278 3586 926 3226 3609 4220 1910 2805 3131 3045 1126
497 4122 3048 1712 519 4221 1184 1968 2105 3572 1996
498 827 3365 1052 4637 4392 1912 4286 1289 1492 3120 2877 1506 2757 1635 550 4282 1196
499 1579 3591 3269 307 2375 3022 3572 2880 3796
500 529 2281 1285 1776 3349 3523 290 1965 758 761 2107 3403 1960 708 708 3732 1847 3263 4474 45 3817 3754 946 1370 1370 3719 1346 2462 2357
501 1304 1662 549 3676 312 484 1594 545 360 4559 1683 588 2391 3007 146 1036 4001 2174 1848 1848 1848 1655 4498
502 85 1620 502 2088 2438 2930 1814 3993 3993 439 856
503 2217 3077 758 1912 1988 3776 2356 1133 4462 1423 606 1848 624 857
504 3607 496 2804 2690 1968 4385 3089
505 177 3365 3786 2348 4051 3328 68 2315 1133 2112 3450 377 2835 501 1499
506 1501 4528 1803 2128 2128 3056 3923 4495 588 1655 406
507 2277 1218 1141 493 3213 3368 2926 801 1566 39
508 2277 1213 4486 3328 1676 1850 661 509 1370 111 3769 480 3169
509 3567 1282 1224 38 3468 1877 3013 1647 2805 132
510 1602 3664 1652 1869 4319 3708 708 9 4299 3580 2694 718 3195 1684 4352
511 3876 1076 1305 1436 964 4525 689 3059 1409 1440 4099
512 4213 3218 177 3786 244 244 2873 3458 2575 1863 3348 290 2339 1647 3984 1070 4310 4569 4302 398 2479 246 1148 4250 1646 2013 3124 718 3863 4004 1495 4138 654 1635 4079 1758 1977 1764
513 391 4566 4265 1804 566 2804 4262 4240 4598 311 129 3447 1847 3160 1727 1439 1261 2517
514 3706 2029 1847 123 335 3923 3237 3986 2662
515 3338 2533 1763 4558 4006 2325 3951 3452 1592 1964
516 740 4417 4534 460 704 2592 3497 4369 3676
517 1579 2143 4398 1912 1723 1933 3797 2161 3118 3232
518 3846 3300 1669 4465 2363 1965 2474 2641 884 357
519 3430 4160 2498 42 1740 2757 1966 4501 21 1906 485
520 724 2253 284 2093 223 1647 22 1908 1411 3927 856
521 2780 4117 3320 261 2917 683 673 4569 2525 1034 2324 2878 2434 2887 3263 264 636 2238 4040 4298 2366 3293 3807
522 3485 2215 1675 819 4253 615 1844 1847 3726 732 3500
523 3924 3924 3077 758 3254 447 2134 3336 1215 3601 34 3491 4219
524 3624 1801 4341 908 1806 3658 4378 403 3228 794 1778
525 1998 1282 1224 1187 1877 271 3985 2280 2711 1439 2014
526 1130 3230 3484 2844 1375 3773 3572 4456 2606 2986 3929 3916
527 3136 4117 3638 2992 2917 1245 981 2938 4027 3175 2595
528 119 2048 513 4310 179 3221 1646 3863 1495 1495 1635
529 3786 3062 2 1647 889 4221 1968 3911 808 1566 3535
530 3387 2859 713 1647 1822 3695 2079 2161 3160 3118 2416 1346 3896 2974
531 4237 2752 1674 2486 3786 3664 2363 1713 476 3358 1070 1037 514 3056 1480 414 3191 3585 1623 1672 209 3826 4004 1495 3835 3133 3045 1126
532 3846 3567 3300 849 108 2955 1669 2793 132 3228 4267 4379 3089
533 1282 1224 713 1877 125 513 1446 4233 178 2851 96 2649 1333
534 4229 4240 1452 127 2375 3308 870 981 32 3606
535 206 1055 1847 4385 1234 2874 1964 4642 4153 194
536 2277 3181 3566 2088 2438 1651 4470 3284 3373 2327 170 4535 4543 4288 315
537 1579 3706 3624 1760 3208 3385 3902 2262 1104 1777 4081 3296 2086 3148 2254 1873 2107 3219 2931 1245 4617 1150 1844 1661 210 2073 1834 993 2970 610 2910 3722 2289 4648 226 1089 2138 2025 3613 3936 2080
538 4434 1627 1521 1112 639 1788 4133 105 560 1145 312 3277 1430 3672 3613 521
539 3300 2155 3484 832 3065 2236 3548 758 1647 1913 1908 1847 1182 3572 856
540 3603 4229 3397 3638 1344 155 4368 121 4626 2834 2967 4039 2528 317
541 496 4470 493 3755 1755 1535 2606 856 2880 2068 4139 4139 347
542 2771 116 594 4021 619 1677 4659 550 790 3089
543 1651 2223 1400 2987 2375 1723 3021 3118 4397
544 3211 3010 958 2944 2944 308 3858 4389 976 3263 3498 194
545 2964 3720 3675 1195 3087 720 1076 2160 4349 45 3454 3224 194
546 1642 3366 4149 3948 2512 3932 2987 726 2098 3869 1985 4303 277 2205 498 545 330 3044 877 2633
547 2131 2812 1797 2143 941 2820 1651 1651 3560 2512 1705 4608 2583 4234 884 3263 1374 264 1547 4079 1778
548 793 4239 2101 3337 3663 3119 116 2723 4187 2722 1745 2528 4489
549 3922 1797 401 4398 4240 3077 1622 3263 2938 586 2274
550 2822 3567 3788 3328 1058 2507 1035 132 2835 2445 4079
551 3706 2365 2365 1214 2638 4236 3417 2196 1774 4173
552 927 351 4468 2146 178 2107 1004 3263 478 2668 4139 1418
553 3444 1797 804 4128 1828 2521 1647 1808 1080 1814 4589 4535 249 2694 1623 3842 2349 2068 144 194
554 1282 1224 4063 2512 1877 2548 3404 3313 68 3413 2313 605 1495 3045 1126
555 2964 4097 4438 3432 507 2820 2846 668 4009 1988 2107 1847 3263 3386 856 3095
556 1087 3706 3624 1651 967 2107 357 4380 1547 1775 2974 4139
557 4160 530 307 3548 1876 1509 2589 1125 1480 45
558 1695 860 1668 971 434 3566 3566 3566 3994 4174 3684 2 745 2107 150 2953 2327 2327 2327 170 170 170 3824 1227 264 3312 3865 1373 2762
559 1282 1224 1323 2232 1877 366 1506 3498 4028 2106
560 2829 3216 3517 3366 921 3317 1719 3548 3984 3313 3589 993 1898
561 507 2820 3841 4328 2107 3213 3525 2606 1092 1433 4454 1373 1373 4139
562 3567 1282 1224 1877 608 608 4468 1912 708 132
563 4026 4532 1379 982 2310 4425 986 469 3363 2127
564 3603 1651 255 3900 3411 3411 2306 4244 1122 1186 830 3389 3221 1583 4259 335 1903 999 2416 263 4136 2352 2649 867 2082 2609 4283 2077
565 3846 1282 1224 4407 1877 1061 653 2497 1988 508 2442 2479 179 3879 181 1858
566 3566 3566 3566 223 4107 2327 2327 2327 170 170 170
567 919 1676 2991 1338 369 1042 2688 360 4559
568 1797 319 3759 2512 3185 2592 307 2684 68 1101 500 2855 655 1274 1148 3733 4526 4004
569 8 4577 4117 540 4375 1879 1327 2398 1509 283 3309 4499 3923 2872 3342 1529 2352 1089 2246 588 4363 558 3636 1402
570 84 3328 2819 3235 2041 475 3979 1658 1529 440 4420 3796
571 1258 2435 2185 3305 1022 1251 2915 2174 2558
572 136 1213 3607 4636 3644 3536 2511 736 2088 138 2438 1651 4240 2133 2950 1847 3176 4139
573 944 1282 1224 1025 2155 1372 1877 1338 1147 2107 4443 1960 2027 765 4557 1396 2723 4187 4489
574 1084 1287 4637 3187 3277 2612 655 1649 90 2448
575 666 1282 1224 768 4600 1877 730 1647 3925 779 316 1925 1964 2857
576 1203 4169 3626 2495 3903 2220 1600 166 96 130
577 3430 3846 1888 2320 1780 481 530 2810 1786 1837
578 1737 4042 288 3887 283 1864 4153
579 2679 1810 658 1054 3469 907 1128 1811 4311 1081 2748 624
580 2118 2118 1231 2406 1458 4330 3067 4601 4598 735 2823 569 3642 575 2129 2874 382 4030 432 2135 1020 2061 2880 763 766 4314 2448
581 1797 1965 2693 2107 2209 1222 999 2786 2058 2274
582 3675 1233 758 4640 76 671 1578 1734 2589 1183 193 2501 1484
583 3410 257 2955 4107 3441 837 1088 3331 4551 3454 1399 1544
584 2285 3566 3866 2270 1233 1881 2327 170 891 1553 4493 55
585 2104 905 199 2107 1154 3403 981 3912 1583 4289 1235 2974 70
586 4093 1557 1557 2236 1650 4506 261 2079 2724 992 815
587 854 3485 2404 457 242 3424 1600 2810 3083 2196 2037 1576 2675 4343 181 3892 3498 4039
588 2040 3449 4472 2785 4518 439 4455 536 1332 3507 2500
589 1301 200 1847 1208 2091 2606 2826 3857 2584 2957 194
590 1455 3332 2309 3566 3566 2538 2327 2327 170 170 2342 828 1524
591 3566 1776 2820 2917 3077 2327 170 1609 1514 1996 732 194
592 2804 3164 4589 379 624 4039 2974 3089 857 194
593 1033 1555 2124 2620 4603 2384 1041 3274 3333 4308 3496 1520 1491
594 1205 2437 3980 2125 4101 3732 4336 2354 1090 1238 194
595 3134 809 319 3349 2270 4118 4193 1958 1338 21
596 4086 1924 4235 3829 3384 3229 2987 1076 494 1968 1968 4517 1199 4139
597 2640 854 3485 3960 2512 530 1912 2141 2037 708 3796
598 849 108 530 3157 3884 4211 2718 1493 1016 1966 4076
599 103 2512 4206 2498 3523 888 3503 1429 4163 2687 1493 1148 1148 2884
600 1805 4019 4627 177 2155 3328 1596 3348 3301 2653 414 4346 607 1925 2387 504
601 713 2120 1562 263 4620 3842 2349 1784 2042 564 435 1474 857
602 3411 2615 3970 3301 2653 4517 4593 3462 3931 3526 2064
603 4160 2035 3548 1493 522 3835 3690 3391 228 2374
604 3846 1282 1224 530 1877 1965 884 4178 3309 1125 1534
605 1550 4149 4265 4486 4486 4486 4486 4486 4486 3566 3566 3566 3412 4268 2437 1249 1498 1351 3231 2569 4190 4641 1985 2327 2327 2327 110 170 170 170 452 1310 4354 3481 2129 1730 3118 56 610 607 2789 4216 1660 432 778 4153 4013 1554 1554 2939 384 202 3089
606 3675 1061 489 2107 720 1847 3118 417 2593 3662 2974
607 177 3786 2651 1794 42 1066 2663 2136 1966 4001
608 204 499 3829 1788 4331 961 4008 1621 3118 1445 4266
609 103 4550 3185 3548 17 1876 1965 1148 1672 538 1534
610 1087 1568 344 4072 593 4102 4175 422 884 2354 2789
611 849 108 4565 1205 1651 4133 556 1987 3679 2579 2224 2224 3572 3572
612 2007 1522 3174 523 3459 1226 527 2848 3813 4311 1834 531 4632 2257
613 2902 2290 4630 2115 1615 1630 3701 2032
614 2277 242 4166 125 861 3257 2434 2887 432 1964
615 529 2281 284 284 284 1651 1651 679 2917 2987 1968 2388 2977 240 4153 194
616 1410 1602 3291 3423 1580 2521 2656 4023 4589 1480 45 1966 3751 3236 2957
617 3675 771 530 3185 1733 888 735 1023 1291 1609
618 1210 3996 1579 507 2820 394 2193 672 3023 3572 2068 4464
619 2118 1282 1224 3317 2512 3106 2917 1877 2833 3221 2385
620 751 934 2586 1965 2860 4634 3794 3756 94
621 4086 3485 1282 1224 1218 3463 1421 3441 1877 44 1606 1591
622 3464 1620 2767 4398 3229 3747 3286 901 1111 1659
623 2845 119 2873 3267 3289 1647 3984 1808 4068 4227 2974 1977
624 1010 1282 1224 365 1877 300 1444 127 3572 1743 702
625 4097 3566 2846 3231 4037 2327 170 3732 4373 1227 3911 4642 3489 1440 315
626 1339 3137 1282 1282 1282 1224 1224 1224 1602 4160 3977 1669 530 3185 2592 1877 1877 1877 473 1833 2813 307 1713 1876 3056 4168 995
627 3566 3566 4258 1647 1912 1290 398 4044 2327 2327 170 170
628 3675 1579 2143 3048 3620 758 1960 4303 2636 976 2744 1031 194
629 2175 4597 897 2157 3128 4284 1622 2307 3658 545 1964 1566
630 2845 4637 2867 1274 1962 1362 3215 1770 3070 2194 144
631 3484 4636 3644 1983 1943 2844 4408 4240 2375 1847
632 1425 1233 714 1960 1960 1864 4531 4025 2392 3286 3089
633 125 1645 3241 569 3032 3374 2531 1583 3165 2632
634 3566 4471 2327 170 4589 4612 2843 3193 3803 4457
635 4086 1560 499 4552 535 1781 4348 3403 2342 4251 3118 1432 2593
636 3786 4296 1647 1912 3221 3751 718 2385 4227 3796
637 1254 3604 1795 1795 1079 127 127 456 335 63
638 793 1425 2908 1808 259 514 3199 1864 3302 479 2174 857
639 3344 3577 4623 3706 3548 3450 1370 2186 1534 501 145
640 3786 2575 4179 1647 1647 1647 366 585 430 4257
641 4575 3922 882 2434 2887 3263 1158 4298 4574 3741
642 1118 1464 307 1493 3771 113 1966 718 1906 1534
643 3922 2729 1579 1282 1224 757 4240 1877 3548 4384 758 489 4569 398 2416
644 854 2035 2991 1338 1960 884 1847 1227 3110 3662 624 3653 1333
645 163 751 2574 1304 3039 47 1960 1960 2071
646 2605 1282 1224 1877 2960 1912 4182 754 2951 3163 3221 181 4475 488 718
647 243 1620 1112 1353 1502 2507 312 4589 1847 377 2609 1618
648 971 3728 4174 3829 1651 1134 2146 3222 992 432 3133
649 923 3786 4506 3349 2917 915 1720 1709 727 3551 4499 4661 1495 1706
650 1550 3566 2262 3097 1647 967 3446 2327 170 3414 2378 269 2373 2274 1371
651 426 2308 2234 2506 797 1689 598 2806 4267 3491
652 1700 1301 2972 506 3277 1734 2680 231 387 83
653 1880 3328 1947 339 1070 1912 1847 2293 4499 2013
654 1521 3583 3566 502 1704 1780 4176 4195 3833 2327 170 1968 856 2038
655 1602 1602 4160 2111 2251 1343 3365 1746 530 2592 4598 1226
656 1724 1702 2592 2304 4166 3097 4216
657 3566 3566 3566 1468 1651 3318 2423 2327 2327 2327 170 170 170 594 1194
658 2792 3624 1961 3592 2144 3610 2981 966 2992 2499 1647 1181 3338 4617 3551 4462 2830 4343 538
659 3924 1650 2172 398 44 976 780 264 3892 2385
660 2040 1921 3174 131 989 513 4284 4632 4359 1228 1050
661 593 4348 721 2 1960 3118 607 1660 1092 1373 2772 3466
662 4627 1880 1674 177 3786 2512 244 3348 4509 628 68 2929 1583 377 4632 2273 1764
663 3262 1804 530 4598 1628 1226 3227 307 42 2814 1128 2851 2477 3561 4311 4299 2379 1646 3480 997 624 1439 4599 842
664 3137 1282 1224 2304 683 1877 4497 2908 2107 3029 904
665 3566 3566 58 2327 2327 170 170 634 1895 88 2349
666 352 2818 1282 1224 1877 307 1670 1099 2894 4195 1708 463
667 1282 1224 849 108 1877 3679 3263 3572 1684 1440
668 913 1127 2955 3566 1260 3087 2327 170 4517 3003 1423 3572 389 194
669 984 3706 2351 490 2339 1035 2263 4011 1635 4298
670 3856 1193 2258 1263 2854 2886 451 3542 1009 968 2162 3072 4154 899 3247 3400 3548 669 3020 1147 4278 2505 3338 1119 2646 1732 4145 664
671 4050 2573 1338 3434 2416 263 2091 3719 57 194
672 177 2155 2292 530 68 4178 1125 1318 1480 3191 741 1672 4004 3682 276 3928 91 3158 4413 1064 2635 2635 1266 3086 1745 2246 1906 1534 3223 3223 3223 2637 3084 1049 1418 1418 693 733 3793 2194 3045 1126
673 1443 4117 4117 1282 1224 4206 530 1877 1125 2068 2738
674 1282 1282 1224 1224 3376 1877 1877 4078 4178 1529
675 137 3566 3289 758 2327 170 2354 3810 280 3383
676 3035 3137 4160 2682 2831 4550 2613 1876 1965 277 3056
677 4575 2097 1550 2902 3229 482 1912 1145 930 981 1310 3094 1227 3605 2402 1440
678 1281 746 855 3831 1757 290 2188 753 1785 4284 845 614 1385 3006 3911 1683 4337 1631
679 1478 4395 4160 3641 915 772 2813 220 307 1965 2211 2211 2474 1148 3056 1291 1480 3826 1938
680 2640 3300 1282 1224 1602 3664 1877 307 776 2718 508
681 1282 1224 3667 3053 1877 4384 884 455 1047 15
682 1602 1869 2497 508 1480 2805 1672 1926 1906
683 4122 3829 3282 1968 672 3470 3470 3118 856 194
684 259 614 1552 2136 415 3553 1564
685 462 1602 2813 220 1876 4038 4258 1647 1647 3126 2667 1934
686 2780 1282 1224 3566 3098 1877 4128 608 3932 3679 2327 170 1847 3222 263 4076
687 2901 3647 1928 739 1565 1586 2731 1183 2510 4109
688 1476 6 4104 4537 2457 3139 3038 3038 3038 255 1739 4400 441 3256 4189 3629 2167 1294 1312 2115 1615 3199 2819 1186 2244 4584 655 160 2948 940 1430 3558 2966 1570 4463 937 937 937 937 937 3312 3406 1024 1846 4364 641 1541 805
689 3675 4276 566 2992 1061 4424 2960 2107 4298 2528
690 3317 864 864 864 864 3680 4077 4326 1623 1938
691 35 2253 2143 2109 1992 1190 4593 3462 1211 26
692 562 3427 2990 2440 1670 259 1328 4529 4045 2462
693 3372 1187 2859 713 2656 585 430 491 1493 2921 1558 3015 4587 379 1953
694 4241 2822 3152 4086 2917 3352 3572 1708 4139
695 3924 1804 3321 183 1788 3694 3584 664 2671 2055
696 183 3739 3632 3128 949 1125 2185 1256 876 1848
697 1788 2838 4195 4362 1827 594 696 1605 212 1624
698 1118 242 772 1264 1493 414 1018 1938 1534 4352
699 1282 1282 1224 1224 242 1877 1877 438 4592 2678 3572 4139 4489
700 1667 4393 653 4163 2537 4258 1023 1647 910 2726 1906
701 1130 1210 3996 3578 3397 507 2262 219 470 3263 2993 247 2954
702 740 544 2282 1780 3616 424 1802 4310 398 2434 2887 1908 2596
703 2316 3506 1788 99 1757 1822 411 2471 2242 4090 2443 3194 1064 1845 2415 4511 2230 2451 3169 1363 3437 2247 1169 445 2918
704 177 2386 3684 1460 1647 3239 1847 4523 3131 2691 1632 4076
705 1353 3328 2507 2180 68 4580 4109 3045 1126 504
706 4097 3624 2236 2846 2603 2254 720 672 2388 1847 2793
707 849 108 721 563 3679 3883 1847 891 4298 253
708 3521 2771 4578 1233 883 4249 1808 1960 1206 2333 1022 850 1617
709 4022 45 828 4405 3306 1672 3740 1135 228
710 2837 1462 4122 4010 1712 2977 3666 1370 1409 4139 4219 374
711 3566 3932 844 2555 2327 170 1844 744 4227 783 1047 4153 2974 2927 143
712 177 3548 307 1965 2107 1709 585 430 2434 2887 2464
713 1282 1224 1877 3313 3634 1960 981 894 3319 4210 2289 2632
714 917 268 1282 1224 1861 1449 2499 530 934 2035 1877 1783 4248 42 4009 1647 4258 1023 3647 4555 3968 594 1908 96 1847 2299 3794 3673 2608 1966 2187 1514 1529 4652 4647 1906 1439 656 3712 2584 143 857
715 963 4148 1032 2978 1648 982 4425 2124 2661 469 1888 1688 818 30 4160 1377 131 989 2920 1509
716 4235 715 695 1822 4588 4018 3290 2629 2869 1402
717 1476 92 1282 1224 2520 1877 1429 1061 2842 1264 1264 4468 967 2356 665 4349 3018 3729 891 891 1189 964 1235 1910 2058 689 3572 1370 1931 4480 617 373 3781
718 1087 1282 1224 238 1877 3523 3050 1735 1787 4551 1133 2471 3309 45 1646 3031 32 2974
719 177 3328 608 1912 3309 3450 3585 4004 1925 501 3045 1126
720 2656 1693 2107 4195 4195 3263 2224 2890 1747 4298 4298 3796
721 2321 2798 4237 921 1282 1224 959 38 2512 2601 1877 409 155 1264 1960 930 4226 1763 1716 3221 4027 689 3572 3572 1925 4298 3489 2974
722 3996 3397 1567 2820 579 2284 3129 1205 2623 4400 1248 2107 2838 3486 4303 976 2938 185 3572 856 3910 4003 988
723 3516 4097 4149 2131 3566 2846 2065 3255 1035 1985 2327 170 264 1964
724 1579 1889 2270 1425 4232 1372 2704 1622 3011 551 1972
725 4097 3279 2729 3715 2820 1639 2846 3648 4503 178 672 615 594 3257 1235 264 3572 3572 1092 3377 4003
726 1980 4171 2159 2147 3890 2877 4440 377 1931 1838
727 2822 4426 1213 1804 1377 300 4081 1448 1881 2821 911 2703 4226 1200 1500 1160 2315 607 3264 4340 93 877 2633 145 1075
728 3566 3566 2327 2327 170 170 1583 4385 2228 3819 4298 3494
729 486 760 1674 2837 363 3759 3616 1628 1226 2873 915 2339 4188 3970 1647 1509 513 4310 1119 1773 810 1709 3676 826 4531 3551 2342 4461 2379 4269 3451 377 3733 4629 3572 3572 3863 4004 1495 1925 1036 656 4215 1614 1415 3045 1126 504 354
730 138 4506 1645 2023 1395 1908 1847 3222 1083 2733 3059
731 1776 874 1948 884 53 2416 4082 877 2633 3761
732 529 2281 3566 3172 3172 2697 2697 2327 170 1847 1847 891 1547 856 3223
733 2964 924 1620 1231 1428 487 2035 3646 3023 1677 2883 2138 4364 2271 4429
734 2088 503 2438 2262 3289 2986 877 2633 2974 70
735 1579 3292 3963 1245 3190 3883 96 1532 1370 3929 3783
736 3300 2143 3536 3868 1978 4179 1647 2079 1847 2907
737 4636 3644 4636 3644 1983 4408 289 2262 898 2436 1092 1346
738 849 108 4075 2107 2209 1946 3263 198 1117 1105 2274 247
739 2253 1711 2572 3053 4 3184 3572 3719 952
740 1213 3634 1960 3813 4299 2768 2642 1370 279 4363 2025 4387 2374 4338
741 4293 4293 4293 4293 608 608 608 1647 2663 179 1547 4227 4076
742 3387 4622 3484 4120 2284 38 3229 1604 1847 2013 1660
743 3668 2522 3482 3188 413 4088 4057 2116 571 3414 2008 4386 193 813 1631
744 809 1780 1585 1574 1960 3809 1394 3861 1529 2719
745 258 244 1633 3077 653 1912 1119 4299 1148 3118 603 1851 396 3927 3719 1020
746 35 3332 2695 1338 1403 2239 3311 1228 677 3839
747 3650 1249 1249 2437 1508 121 3297 3981 1991 32
748 1210 2088 3066 2438 2847 3629 470 4353 2525 342 342 4195 4303 3263 1105 1566 4298 4574
749 1030 2253 1282 1224 3208 1877 3932 2233 744 3359
750 1397 3937 471 4240 4410 730 786 4194 4569 2356 2141 2024 2024 2024 3263 2907 3572 2518 2593 1597
751 4636 3644 3536 1704 1557 2580 758 2079 3600 3352 2986 1359
752 507 4568 3724 4195 4195 4195 3757 3263 4298 1373 1373
753 3414 610 531 1677 1660 1784 1512 3007 1036 2174 4363 1381 2927 3857 2501 77 3089
754 1852 1282 1224 2512 1877 4128 4475 1547 2068 4139 4113
755 3508 1013 2592 2304 4166 514 514 3672 3222 377 173 2770 4337
756 2118 3456 2955 3229 2341 4 1548 1847 1609 871
757 3922 1776 503 2168 1908 3808 1847 2625 2763 4139
758 3922 2573 2334 2193 4208 66 1968 1847 1083 684 1370 2649
759 3566 4486 541 2327 170 2436 3572 480 2974 4252
760 921 177 363 3432 2988 1776 2424 2512 704 3328 2807 3077 1647 1647 2078 260 1960 3301 2653 1586 2313 2068 2096
761 1282 1224 2155 4637 1877 1647 2167 960 24
762 1068 3895 391 544 2552 1166 4228 286 713 3314 4016
763 2417 1335 3547 4237 3430 2345 4238 4356 921 921 921 3016
764 2754 3287 4183 2099 68 3964 1745 4267 3438 3045 1126
765 2001 3877 838 312 1948 534 3118 3881 36 1022 2974
766 3924 3924 3924 3924 3347 2309 2992 2992 2804 1421 1421 4094 1912 528 4195 3799 1844 4287 1755 2299 2280 3118 4385 596 1654 3436 1368 1368 2974 2974 2927 4139 2369
767 3846 2739 2404 4637 2813 3475 3548 3469 44 2142 3627 1847 3450 2329 3431 1383 512 501 1611
768 3146 2512 2687 508 4311 3879 1357 2509 1966 3086
769 927 3449 1613 3847 2225 3077 2489 2107 4306 3590 3817 1252 1441 3197 4429
770 2277 1797 507 4628 936 882 4317 3679 2107 2209 2213
771 3846 3567 1282 1224 530 1877 964 264 3751 132
772 4050 2184 2463 2512 3185 3539 2810 3548 3978 1912 1847 4204 3193 1966 3780 253 193
773 3924 3300 4160 3185 220 1947 1965 1749 1968 3572
774 3152 2118 540 581 4657 2155 2988 1960 3676 2197 2352 1554 2478 2659 742 194
775 1797 1119 884 1866 4589 634 634 277 2551 3056 269 1291 3124 4139 3089
776 1521 568 4633 596 4006 2325 3842 2723 4187
777 1282 1224 1877 1264 376 432 3806 3572 4456 2974
778 1282 1224 1861 3566 3566 1877 2327 2327 170 170 1847 2927
779 4423 1704 3065 3065 3898 3066 2284 3129 3284 3773 4 1913 1847 2445 3514
780 2729 1603 4637 1123 2128 2128 4132 4132 4535 4121
781 4097 2605 1282 1224 3786 2846 3328 1877 585 430 3572 638 2528 2096
782 2203 2565 3268 694 4009 2525 967 4195 4195 1158 2616 1747 1296 4403
783 666 666 4239 2272 2827 567 3460 930 1847 3193 3405 975 374
784 3425 3664 3146 103 2499 3523 888 3978 3978 1978 653 3992 2687 513 2718 1119 1988 4116 1148 1148 277 4516 2956 1966 1511 1871
785 3430 562 3185 4194 2838 2663 884 3049 3450 2786 3175 501
786 503 3077 3077 1141 4044 976 993 2238 4298 2954
787 919 1776 1572 1338 1993 981 594 645 2749 3796
788 2512 3328 4258 2521 1912 3221 3751 2122 2385 1635
789 1580 2863 2280 3785 1625 1784 611 877 2633 1524 3851 2084
790 3743 4395 1118 2672 1651 3009 1226 594 4053 2084
791 4118 3067 3009 3180 2736 2312 1799 2807 2355 4598 1628 458 2153 2586 1233 3844 2684 3812 2790 1509 4060
792 3997 2740 4199 4199 4199 115 3208 2236 3508 758 1908 1847 3964 2052 196 4139 194
793 4247 3300 1282 1224 1877 1918 2159 1693 2107 3263 454 2368 315
794 2560 2399 4630 1864 2508 3581 2877 3878
795 284 2820 3463 156 4538 3441 758 758 1076 1993 2880
796 1602 4160 3667 1464 3664 2512 2498 772 307 1978 1023 1988 4621 1493 3221 2956 1480 1646 1966 1511 718 1938 2884 2853
797 2978 3705 2992 2120 3325 283 806 129 96 1062 3096 3295
798 4117 3292 721 4221 3797 4473 2657 4632 3572 4382
799 3485 1282 1224 3898 1780 1877 1735 2456 2324 2694
800 3675 2605 507 541 22 2375 2037 3263 4585 732 2276 4139 4139
801 3542 1702 3068 3118 3823 1234 2122 3927 3572
802 4100 4247 3567 2143 1272 2422 1647 1912 1609 132
803 3706 3332 3594 4200 3367 2928 4226 2073 1306 3200
804 3517 2565 3706 2992 2 2209 2993 607 182 247 1373
805 2340 3517 3566 4135 3411 4449 514 1960 2327 170 3330 3665 1989 267 2201 2427 978 3852 1660 1941 1284 2068 4298 2974 2974 4139 2772
806 2277 1282 1224 1669 1877 3358 3978 1125 3835 4139
807 2897 721 2987 44 4593 3462 3263 780 264 3498 4298
808 678 3234 847 3904 4617 1286 2467 4184 3701 3491
809 1118 3977 103 2498 2266 2696 1713 1965 2474 2497 116 1493 9 3198 3178 1133 634 3056 1906 2884 2853 3783
810 1579 3566 2132 1651 3254 2356 2327 170 1847 3990 3811
811 4514 2041 3042 4592 3733 2257 1477 2723 4187 3007 1756 4001 3907 193 1418 3153 1074 380 221
812 827 297 255 1354 3008 4644 720 3598 1186 1867 1430 1583 4463 4420
813 1282 1224 4366 4202 2745 4658 530 3668 2937 3623 1877 861 79 4357 883 1338 466 4643 2491 4311 2508 816 550 3796
814 938 4256 2262 3625 3679 4280 637 3883 1847 3214 576 2137 2984 3656 3703 1230 3455 194
815 2131 2885 3317 1322 4517 334 2985 3505 4495 3491
816 1528 4471 1943 3065 3065 3066 3501 1662 4355 1011 1011 1741 225 1847 3572
817 4270 860 2798 1420 3397 4157 268 2965 4398 652 351 1214 3269 3679 3573 3263 3882 1158 399 417 1373
818 3152 3372 1325 2420 451 1366 2917 290 2188 2413 2234 4347 1957 1942 2632
819 1307 2131 4486 507 3747 3654 3666 4012 2368 4139 194
820 3603 2798 3142 3829 4195 3187 208 4359 3572 2974 4108
821 2198 3846 4370 653 3469 1912 1988 4205 179 333 2927
822 1644 2350 3250 4658 2292 2159 2747 0 594 2881 4066 3131 2212 3611 2883 3095 3511
823 3445 948 2149 119 177 3317 3328 3648 2159 4260 0 3322 342 585 430 1864 4584 1982 1204 1349 4004 4125 2009
824 3027 2792 1832 966 1338 1714 3023 3873 2535 3966
825 4591 1265 3898 2917 3105 1785 2895 1370 3113 857
826 2118 984 2917 3747 2037 4101 3263 3849 2152 4139
827 3639 2370 3956 3908 2355 3822 1765 1662 4016 1266 857
828 4237 1550 3566 758 2375 411 2327 170 1107 884 4477 1847 856 877 2633 302 3201
829 2820 2088 2438 3829 3053 2262 2987 2107 3572 871 3916 988
830 4117 849 108 1270 2236 2530 3292 4569 1451 1774 264 3572
831 809 2143 1780 409 74 3374 2793 2096 1075
832 3185 3411 3423 42 4272 3747 1492 3808 3389 56 4359 2743 1534
833 505 2418 723 4035 4385 4385 1962 415 1370 3769 4139
834 2006 3064 3103 2495 2811 746 3497 845 2362 2484
835 3567 2698 1282 1224 1877 1965 575 2877 1125 1966 132 1938
836 3520 3566 1205 1651 4010 2987 3795 2327 170
837 3137 921 1282 1224 2512 1877 1783 3548 1912 3221
838 4019 177 706 1593 339 2842 838 920 3316 32 1331
839 4604 214 3152 135 3721 2592 3097 4643 1671 1714 1442
840 1973 3485 3624 1057 1249 2505 2283 1822 634 1581 3817 3911 545 1003 479 1014
841 917 3720 296 1602 3664 2498 2972 2813 1869 2834 1291 45 2967 1196
842 3134 4042 2155 103 4118 2804 530 2264 1380 3056
843 3557 2403 2365 255 791 4248 271 1787 3787 1235 1473 4231 3099 32 2181
844 2040 3048 4010 3648 1757 2128 2436 877 2633 2856
845 1478 1282 1224 1877 2133 1912 1847 1847 1966 856
846 1320 1822 1565 3676 1578 1222 329 2008 2542 439 536 4557 12 1206 1201 3342 62 1962 41 4620 1997 973 188 3736 2776 1399 4029 850 4046
847 1478 746 2545 662 662 859 376 845 179 1081 1672
848 3140 3300 1282 1224 1877 608 1647 3388 618 2663 3778
849 2529 2529 2529 4636 3644 502 1983 1983 4408 884 2993 194
850 2345 3485 2818 2350 496 1482 725 4581 3417 3442 4272 2012 3118
851 2065 1733 931 1785 3891 2694 2447 2880 4039 3816 2927
852 650 4149 3566 1985 2327 170 664 1687 4324 2927
853 232 2651 2512 2262 1783 1633 3634 4517 2046 3909 2329 4001 2982
854 14 1852 552 2006 2978 3643 4425 927 3138 2054 3280 2124 4271 2097 3859 4169 2384 1825 2278 3850 3721 2030 2051 469 4383 2337 800 4186 1308 3700 893 2251 1193 3372 1961 3266 2268 1325 4071 2781 3515 544 1587 3245 2258 969 3030 3242 3592 4162 1343 1392 3204 72 1232 1025 2156 3365 371 1073 336 2370 3698 2452 363 609 4143 3982 3168 2554 3100 4527 2320 319 1820 1166 1560 985 3887 2282 3123 1057 3542 3349 1377 3174 2270 1425 3705 2192 4193 2592 602 109 855 2736 444 2807 1434 4598 2586 1315 3686 126 2398 2347 2850 272 907 3251 0 4253 2851 2503 1982
855 1945 771 3372 2781 4126 3424 4660 3090 3090 3031 3914 32
856 4310 911 2087 3890 465 2392 515 3943 3345 2026 3863 1495 1495 3559 2326 1611
857 1797 3566 1912 1622 2327 170 976 3263 1235 504
858 1285 2544 4441 44 3396 1164 3263 877 2633 4153 1029 2644
859 147 8 2728 2710 1166 1304 2408 1487 3338 727 4589 664 1003 1839 2056
860 3472 206 673 4608 470 1787 2735 3187 2769 2997 785
861 1880 177 3328 2440 2440 3978 3984 3525 1547 201 781 4288 2077
862 3218 3786 1119 1960 3757 5 1908 2089 4340 2619 2974
863 2811 1669 307 1647 3081 2034 1119 1812 4547 4066 1170 1003 1966 4401 3995 3407
864 725 2894 1494 606 4501 4652 2849 4387 4282 2096 3045 1126
865 4316 4316 1704 1704 502 3898 1557 2236 3053 179 1847
866 4567 119 3786 3114 3053 2048 1720 1647 3221 2660 181 264 782 1784 778 504
867 1685 3412 1093 602 3833 1451 4114 799 3701 3756 4605 1848 4549
868 1087 4086 1282 1224 3868 2182 1877 758 2297 1964
869 2498 2813 3423 2532 4589 3431 4004 862 2883 3354
870 927 23 3706 1301 2163 563 3853 3884 17 4110 3329 68 2168 1968 96 2053 3733 62 1747 698 2957 2853 504 1002 194
871 3922 1805 3989 1282 1224 1651 1877 1847 780 1547 856 2084
872 1550 177 507 2512 339 1066 366 179 853
873 3294 4374 1401 1325 2504 2240 3375 2454 3738 385
874 2203 4237 1602 2184 2813 4195 2275 2817 1201 3071 4333 3070
875 2184 3449 4637 559 915 4183 87 1647 1578 3658
876 3922 1608 587 2079 3912 1908 1595 3525 3525 1547 3574
877 4433 932 352 849 108 1850 1965 42 1960 1217 599 2429 4364 4267 3510 1554 4432 2853 194
878 4589 56 263 1529 188 1439 2998 4109 3102 2853 3793
879 1559 462 4395 1023 1023 1912 184 1964 2068 3807 4252
880 1550 3261 4020 3566 2539 2327 170 1529 2609 2528
881 529 2281 3485 1797 2132 1912 2107 3221 3483 2095 3783
882 2698 3300 115 3261 4398 1572 2783 1912 96 372 355 3450 2691 2231 4656 501
883 401 609 3956 242 1233 1067 1222 2112 2471 2688 2231 1706
884 3334 3991 530 2813 1667 1965 2139 2423 4483 3480 2967 867 1554 995
885 2277 565 4070 245 1099 1245 2587 318 3310 241 315
886 3675 3142 666 1776 3441 345 2324 3330 1759 877 2633 656
887 1810 1287 4650 2408 681 4166 4357 1914 3605 1764
888 3300 1282 1224 507 3291 2010 1877 1988 4078 3879 4178 3551 3927 194
889 3566 3566 44 797 2641 2196 4045 2327 2327 170 170 1860 2974 2974 2927 2934
890 1579 2088 2438 3346 976 3263 3175 1374 1117 2289 732 4298 247
891 3149 3075 4520 2504 4202 1776 1800 999 1529 3534
892 1118 3185 307 3548 1947 3083 3267 1763 3386
893 1087 3287 3937 1497 1810 351 1214 4048 1808 2079 920 937
894 1118 1833 1869 1876 1965 1988 879 1018 1906 3159
895 919 2992 2992 4331 2938 2938 248 10 3175 3175 3572 4536
896 2340 809 3412 1334 3349 3220 1660 3058 2349 3914 2974 4536
897 3208 609 2143 2514 1651 1651 2572 3932 3634 3634 4221 3747 3540 4360 4473 904 2405 167 194
898 4627 2752 2269 3218 1674 1909 835 869 820 4004 1358 1358 3007 2637 3438
899 1282 1224 1832 156 1788 1788 4328 1877 758 56 4346 1185 4028 4139
900 2709 104 4236
901 3924 1608 3457 2437 4240 3441 2582 4569 2134 3883 1968 3330 2836 4011 3661 2289 240 2772 4414
902 3567 3300 1282 1224 1877 1596 1709 132 4068 4028
903 6 2400 740 381 927 3612 4417 2661 1095 4371 4426 2673 4042 3786 3571 2487 934 2120 3753 2684 68 1578 2608 1919 2068 3532
904 962 1120 1461 838 2838 4555 3409 594 2116 3046 2017
905 1674 1746 218 1638 3861 803 1089 3835 3084 3089
906 4376 4428 2833 2107 4481 1899 3986 2664 2927 2705 356 194
907 3333 3376 4185 103 530 915 1876 1647 4468
908 2513 2908 4195 3813 2819 606 997 1544 2595 1779 790
909 4097 3568 2958 3566 4590 285 2846 3231 2987 758 2327 170
910 2729 3300 2131 4636 3644 502 736 2382 4569 2204 661 1847 4027 194
911 1644 2996 3038 255 3256 4447 655 160
912 1120 3424 1622 2870 1107 3117 3911 1727 3572 4324 2328 3796
913 4140 1656 4394 3302 2148 1201 2642 1923 2683 1931 611 1840 881 1373
914 1852 759 3583 4202 1647 828 1089 732 3532 1967
915 1282 1224 1521 242 4512 1877 2099 4392 2434 2887 316
916 3750 1810 3484 4636 3644 1557 587 4408 3258 748 2161 2986 533 1373
917 913 3555 4100 3122 3332 1268 306 2375 522 630
918 1282 1224 1810 530 1877 4570 51 575 1847 1583 586 4021 856 2986
919 4199 2820 4476 2069 4195 2204 3319 2224 2224 2224 1974 2974
920 635 2394 4398 3919 1141 2254 44 75 3572 2049 2235 2954
921 1282 1224 2512 242 1877 282 1912 3221 1529 4153
922 2304 652 192 4373 3716 4444 2879 2025
923 1810 1103 2262 2035 3584 4309 931 1338 3747 2458 4082
924 507 2604 230 3872 4398 3899 179 2434 2887 1847 3263 1235 1370 4139 70
925 2592 4334 68 1766 377 2933 2385 4004 2402
926 1414 191 3300 1282 1224 1877 300 4483 638
927 915 2908 3337 3301 2653 1578 4551 4592 3999 1529 32
928 3846 1282 1224 1877 107 1783 2803 3548 1896 4079
929 965 2131 1213 609 4423 2511 3051 358 2262 1874 758 22 3747 1741 914 3263 698
930 3926 242 242 915 1850 1271 3241 726 970 102 4589 316 264 4378 403 280 360 4559 1745 1779 4046 4099 3089
931 3566 3566 3508 2804 4107 530 3185 4598 3684 1833 2803 1876 3077 1721 1312 2327 2327 170 170 312 3422 1972 1982 4103 1966 4340 1683 3086 3224 2927
932 3432 2917 541 608 3893 824 4152 1844 3993 4419 3574 1964
933 833 4159 1724 2311 71 3023 4592 3389 856
934 2107 3254 2204 2342 4380 1790 3790 3118 3892 194
935 915 4033 3078 2521 1912 2375 2313 1660 2618 2274 247 2585
936 3344 2221 2507 2375 3198 2434 2887 3777 1660 1964 3936
937 3300 1282 1224 1877 4384 155 2627 2521 1647 1912 2106
938 1579 1218 2088 2088 2438 2438 2437 4569 871 1136 3761 370 194
939 3566 1780 2760 2327 170 1968 1536 3830 2861 3070
940 2203 2820 1983 502 3066 3129 4044 3258 2067 3950 3801
941 191 3300 1282 1224 38 1877 2627 1647 4343 3751
942 1602 4185 1669 530 2498 307 3961 1912 3920 1988 4290 179 1894 2608 2805 443 3953 3907 1938 1906
943 3664 530 2813 1978 542 3469 1509 907 1988 508 1148 3221 4587 1727
944 3449 2386 2820 2262 4409 1141 2107 4 3757 1847 1847 1847 4214 3263 264 432 4151 1373
945 4472 678 493 4643 1960 3798 4016 1393 4184 4105 816 3034
946 3679 98 345 4195 4195 4195 3757 930 2274 1573 3491 15
947 1030 2264 0 2216 884 45 3602 1201 2967 4337
948 4247 1282 1224 2499 1877 3548 1264 708 2914 1554 2096
949 582 2107 2107 976 976 3912 3263 3263 2274 4298 2828
950 448 1728 1669 2512 3548 3753 753 1682 3869 874 2141 3879 1493 884 4178 53 3796
951 4104 1386 1386 1015 3132 1675 255 3256 4279 2395 2244 1430 3558 1541
952 1852 232 232 176 1462 3332 1731 2408 1278 37 1960 2037 4507 1942 3312 1547 3112 273
953 1398 3485 2262 3047 1054 1406 1787 456 335 1028 545 3719 3719
954 913 3922 284 1613 3463 3254 3370 2980 4338
955 4237 4247 1983 517 4639 1396 1495 2619 1554 3916
956 2775 449 2865 714 1881 2908 3322 1822 4531
957 4117 309 2628 284 3208 3566 4486 4122 1268 3463 2804 3441 3932 3077 758 4404 1035 2327 170 4303 1763 1606 2890 248 1660 4391 2974 1440 194
958 2143 1795 1482 3679 2564 4272 494 335 162 1849
959 3300 1250 1482 758 3087 1847 2063 856 2976
960 2370 3065 2804 4637 713 2656 3198 1898 2559 2749 3572 1931 1941 4530 877 2633 732
961 1282 1224 1674 177 235 3328 2873 1877 68 96 4004 564 3045 1126 504
962 1087 1797 4636 3644 2088 2438 2145 1844 1694 153 2772 3916
963 3975 0 2562 4255 3199 3676 3597 1578 2147 1222 583 2008 1727
964 1282 1224 2955 3177 4476 3229 1877 556 3289 3289 2579 1718 2974 2856 3761
965 3209 1339 875 1669 338 307 864 3013 1876 1965 1220 2018
966 768 4567 1880 2486 591 1596 2694 533 1373 988
967 89 3556 3854 1236 19 4202 255 1795 3324 1682 1682 697 2141 4002 4337 2409
968 3940 242 608 3497 1647 1647 2824 531 3863 4004
969 1032 2340 927 3864 4165 4141 1560 1377 1425 2832
970 4042 125 3390 1128 1200 3699 828 2642 3830 1022 660 407 1617
971 4149 3566 2223 2065 1026 4339 2458 1985 2327 170 1908 1423 31 1483 4139
972 2729 3300 2319 2958 4384 555 4349 1071 405 4343
973 4395 1888 103 1833 1367 1864 3275 3806 1544 1036 1666
974 962 4576 4169 1041 1954 1927 286 4118 3831 3962 293 1031 1031 1906 4364 3102
975 1282 1224 2292 1877 1264 3450 337 3116 501
976 1248 2159 1200 2112 4299 4359 1003 4401 1953 1631
977 35 505 566 261 1436 615 2871 3257 1252 2616 3572 4298
978 2123 3566 3146 205 3299 2327 170 128
979 2917 1277 2065 1580 2 1023 1647 844 4349 1787 2491 828 1717 1966 1964 2692
980 2721 2416 2349 1368 877 2633 2068 4139 1778 2084 2407
981 2203 3846 3366 3567 3140 1282 1224 1959 351 1877 3582 125 1264 4178 132 2618 775
982 1956 1557 3066 2010 4065 3679 2079 2458 747 2291 1932 1631
983 1097 1852 4371 621 4598 861 2833 758 1912 1133 3118 2468 2967 1090 3670 194 194
984 3720 529 2281 1282 1224 1877 1847 4299 1666 2609 4457
985 1998 3332 541 3860 3614 186 312 828 3260 4084 4291 4386 2366
986 2251 215 1522 1522 1459 425 2658 4490 3537 886
987 3566 3566 3566 3566 719 4400 2327 2327 2327 2327 170 170 170 170
988 1737 2775 4637 2785 2342 2256 597 4068 1952 4067
989 4448 179 3056 249 249 1926 2967 2558 1072 2853
990 3584 3883 2480 3633 1547 4391 3751 3769 3025 332
991 2340 4425 927 4169 944 2519 3485 4117 948 1674 177 2316 4460 2875 450 2156 2227 2050 3786 2567 2495 1854 319 1311 3692 3549 1336 4228 2574 449 3349 3840 4154 1045 2512 1304 1826 2432 2192 3328 385 4193 620 2736 1569 2266 942 2202 4598 458 3543 2062 2444 3623 2850 114 245 1422 553 3918 3324 1485 1855 4436 4296 139 2790 2747 2164 4060 1765 2947 466 2656 2821 425 4310 3338 2669 2465 1773 1456 2372 1128 2449 295 4254 1289 2851 2851 1384 402 2532 1822 216 2936 3000 3000 1042 3476 3833 68 3693 2648 1192 3187 1837 2581 4311 1696 4074 2279 866 866 1008 3006 1753 250 2087 2764 2764 2108 2108 1823 3056 3696 4269 1575 4210 3733 3733 4526 2795 950 211 3488 4402 4402 2257 4295 660 4501 3285 690 4363 3662 2609 3394 2267
992 666 2740 4100 4421 1141 4437 3460 3082 3572 4315
993 2597 341 1264 1264 3469 1081 1646 853 1858
994 3604 3900 2487 1504 1482 1824 1976 1408 1431 335 54 1216 4177 3113
995 3687 1364 3831 2566 2390 3524 3676 1734 2332 1549 4558
996 2955 4486 299 2592 1314 1818 2636 2600 3673 2174 574 1499 4282 3704 2407
997 3772 4122 2088 2438 25 3077 967 4044 689 1373 374
998 4097 2846 4421 2833 95 1968 3263 2447 856 4298 4298 701
999 1797 1960 312 1113 2731 3312 1262 1897 1212
1000 1282 1224 4408 2572 1877 4569 2067 2986 2986 3491 4414
1001 3619 1282 1224 849 108 4637 1877 4060 1114 33 4226 1930 3191 479 360 4559 3086 3534 3839 354
1002 2498 3548 1965 1100 1023 1647 1148 2176 1966 1511 687
1003 1087 771 771 217 1572 2222 4140 2107 865 3747
1004 4160 530 307 4311 1380 3178 1866 4150 4415 3304 1439
1005 1559 3862 3846 3137 921 530 3548 1119 884 3056 1291 4027 1021 1391 2174 3946
1006 1352 3566 3566 261 2327 2327 170 170 270 2664
1007 1198 1746 3225 4546 1612 1742 3737 4139
1008 1166 1334 2580 2592 925 817 2871 1116 3085 4488 766 4197 4003
1009 2740 1282 1224 3786 1000 1877 2168 3450 749 501
1010 2729 502 502 2088 2438 1725 4451 3835 3916 2419
1011 2149 177 3786 68 3309 3450 3999 1925 3086 501 3045 1126
1012 2988 1776 2992 2714 2047 3077 1338 3166 3942 3993 928 2112 1280 2052 1991 3701 2942 816 373 373 1554
1013 1087 177 103 38 2381 3185 262 1496 1887 1965 765 1407 2877 2289 1003 3354
1014 1397 138 1651 4240 3460 1548 1847 1847 1175 3761 194
1015 3210 3643 1883 2111 2070 1807 1628 3424 2466
1016 177 2115 1615 2951 96 3120 4463 3043 2441 3130 2999
1017 3185 4052 1850 2521 884 3310 1609 264 2995 3796
1018 4237 1282 1224 4265 1877 3548 3399 1708 3223 3916
1019 4371 2935 1425 1458 4118 2592 2202 4598 2398 139 47 2164
1020 1852 1521 1620 941 1123 627 1338 806 837 2821 2362 1638 3004 3564 3809 2688 1677 589 4090 1370 3873 2864 360 4559 4595 2014 2853
1021 1198 3508 3053 670 3893 671 3933 2929 2224 3151 3572 4298 2622 2758 70
1022 177 4178 906 1480 377 3733 4004 1495 3045 1126
1023 913 2902 206 1161 195 2107 4 3263 3572 3498
1024 3715 2370 1780 679 4318 4318 3172 2911 2697 1416 3963 2636
1025 2988 1776 1776 3147 3077 3942 2168 2788 928 4462 4490 2140 70
1026 1973 3748 2010 4279 2018 1696 1774 3056 1337 4294
1027 3366 3300 1282 1224 1810 2088 2438 1877 864 864 3679 976 3450 3572 501 3880
1028 1476 6 292 3692 2811 3349 3048 1055 2838 4297 2793 3118 1082 4345 3779 3892 680 2815 2808 3161 1745 2068 3500
1029 2277 4356 242 3634 2800 2255 1703 263 3202
1030 164 497 2482 4080 2937 3395 578 2973 303 4116 4245 4483 3163 3465 101 3350 1575 3091 3131 1495 2352 4246
1031 1455 3846 566 530 3628 4455 828 2974 2884 857 3796
1032 1467 1434 3373 2669 1356 68 3155 3040 821 1745 4001
1033 6 4104 1582 3139 4133 1354 3256 2264 1937 3199 491 1578 2244 1430
1034 1476 1026 1119 2617 976 324 1529 1036 2900
1035 2309 3960 3038 1153 190 2960 3135 1912 2583 3454 3754
1036 3922 2845 2236 4506 1781 4470 1750 3330 3263 3756 543 4139 3491 194
1037 3430 2992 2512 530 2150 4041 32 2274 2945 57
1038 2771 1909 2245 3642 3450 3943 2974 501 790 3783
1039 3485 1282 1224 1674 177 3786 3667 1249 2512 530 1435 1600 1877 2901 409 511 1647 3338 3156 2332 2313 3221 3673 2757 249 1495 3915 626 1875 2884
1040 268 4356 3889 1077 758 1184 4158 1847 335
1041 3542 4318 1788 1911 758 1912 777 2479 1948 3244 2884
1042 3485 3706 2455 3566 3829 1651 1647 2327 170 732
1043 16 4575 3720 502 1983 2088 2438 1600 2260 3389 3892 856 1624 4109
1044 4434 460 3550 3831 3284 199 2532 2079 2962 3056 4556 828 12 1206 2647 2602 274 4498
1045 4395 2698 1282 1224 2610 3667 3518 3185 1877 1965 758 1987 1993 884 1227 624
1046 1244 2206 2917 1026 2747 4254 607 2856 2594
1047 2016 1879 2452 2320 319 4446 1434 2178 2476 934 2586 1915 1641 3493 933 1222 500 1116 2332 4558 1726 3056 403
1048 3111 2036 19 2487 2499 4550 3185 1653 262 2916 1496 3170 1180 2039 3640 412 2785 1077 1288 3079 1543 665 4303 2388 1142 1056 1480 439 3892 3553 4040 4298 2077 3702
1049 1282 1224 1877 1429 1965 376 2474 1988 179 1148
1050 746 1901 726 2465 2283 845 2788 123 1547 4489
1051 1282 1224 4421 1877 1355 4593 3462 1525 2049 3491
1052 2131 507 2210 2145 4240 303 2107 4307 264 1660 1137 2606 3381 856
1053 1414 3664 307 1498 290 4236 2819 468 4647
1054 14 3307 2597 3464 1268 2010 2047 2850 4317 949 1622 4617 1968 3389 3923 360 4559
1055 3300 1282 1224 530 1877 4608 1493 3450 1906 501
1056 503 3463 3441 1076 2160 1993 1606 2674 2518 2763
1057 4341 1516 4503 411 981 377 2768 2366 3089
1058 3208 4486 3566 3566 2288 4195 2327 2327 170 170
1059 2131 3030 3317 3651 541 735 4478 121 3370 1310 4299 2296 1583 3852 3852 3852 2485 1637 2801 479 32 1424 3930
1060 1282 1224 1877 339 97 859 2639 3925 2079 314
1061 3288 746 4542 2003 1876 2474 1119 1988 845 3163 4023 9 316 24 3479 3089
1062 757 3468 3795 66 2579 3061 2938 1234 607 2619
1063 1478 1669 1965 1023 2474 1912 2663 884 601 2300
1064 1579 609 3132 2236 2426 1884 3411 4306 604 2989 421
1065 1852 4086 3208 525 1704 4318 2972 2582 2579 3572 233 315
1066 3603 2792 2118 1579 875 2716 2262 934 3918 2146 2250 2177 2375 2011 3757 1933 1859 225 1847 3023 222 3263 3222 2531 3056 4091 1457 3175 3658 1252 198 3431 1276 3108 545 2576 3806 479 2744 4227 4337 2336 4153 1778 143 2945 1929 4142 1075
1067 927 4086 1233 1765 1574 4662 322 4225 1664
1068 4160 772 1647 282 3735 3221 1480 1646 1995 3796
1069 3122 2346 1965 758 468 2342 3192 856 3929 2060
1070 1382 2592 4390 3813 3086 2259 4014 1659 790
1071 2822 2822 1550 3715 507 3684 3753 837 837 452 1968 840 1156 1847 1583 2515 534 1768 2091 886 1706 4406
1072 2237 3372 2367 750 3378 4034 323 117 126 2347
1073 1282 1224 2844 2088 3066 2438 1877 4392 2094 141 1607 1847
1074 1087 4356 1521 530 541 3548 673 1288 2908 2079 2150 3056 3309 1660 1527 1672 360 4559 2031 995 1743
1075 921 1282 1224 1270 2512 3328 1877 2107 3634 1932 626
1076 4471 3065 1069 4318 4318 261 1788 3648 3441 3289 3289 2 1847 1606 80 1660 856 2974
1077 3038 3038 255 4445 2371 1802 1686 4055 2924 46
1078 2513 3804 600 103 3634 3301 2653 3413 1563 3911 3572 2649
1079 1179 3957 1478 1282 1282 1224 1224 2992 530 1877 1877 220 3469 2687 1988 1148 1291
1080 1282 1224 2143 1877 669 1709 2112 1003 538 873
1081 1010 3655 1213 215 566 1249 1249 2992 3367 3684 3694 1479 1001 1017 266 3281 3338 1426 3714 1107 1763 2589 640 3923 3024 2737 2214 4153 1624 3392 4504
1082 1389 3111 535 3501 613 2399 3450 538 501 2719 4489
1083 3846 1502 3664 103 530 3523 2813 3548 2507 653 1291 2176 4522
1084 1557 3051 476 1705 2453 2730 976 4027 198 950 1736
1085 3818 722 715 4092 3039 3679 1912 3719 4333 564
1086 1602 4160 2221 3745 11 2590 290 1965 42 2785 467 4078 4311 524 3309 3974 686 2187 766 2676 2772 2945
1087 3328 2908 68 491 4004 1925 1941 2699 1313
1088 2640 4160 3804 103 1959 4206 3185 3423 3548 3013 1098 3405 1906
1089 3516 1405 35 507 3291 2107 1436 4 4303 976 4451 2274 143 3796
1090 2277 1400 2693 3634 2289 4332 510 3007 550 2305
1091 984 4221 3115 2434 2434 2434 2887 2887 2887 1841
1092 666 965 4017 1781 3211 3276 1827 2888 3572 2238 2068 4139
1093 1559 3152 1282 1224 3427 4268 3207 38 3328 1877 3753 2193 2912 1993 1177 4287 357 4021 1396 3986 1381
1094 2858 1579 3706 1317 362 1151 2023 1113 3118 3595 1046 656 4139
1095 3343 1891 648 2155 1651 2132 1365 863 2881 4299 1197 2630 3183 741 2344 1962 2349 1370 1920 3888 1418
1096 1282 1224 2512 3185 1877 3531 2193 2989 2138 3839
1097 73 2740 4636 3644 2088 502 1704 1983 1983 1983 3940 3940 2438 1000 3814 4240 3548 1140 758 1748 3283 3241 2656 970 555 1808 2892 3402 4437 4223 2196 4045 411 4349 981 179 522 4419 1646 263 2431 2092 1228 4610 2884 419
1098 737 1213 3692 3425 1505 242 4248 2165 3984 4299 4004 4338 3045 1126
1099 1163 1087 2277 390 1579 3898 2139 1968 60 3069 2113 2419
1100 1797 2158 2090 976 3319 1908 3263 2274 315 194
1101 3456 667 1118 3332 3956 1601 530 3185 2363 3225
1102 507 2262 2262 4317 4660 470 1113 1847 856 2305
1103 3485 1249 1864 1894 275 2354 1942 1370 1830 1484
1104 4097 3706 3706 2846 1382 2079 3263 2325 4298
1105 1579 3449 966 2702 884 2855 3380 1955 26 1136
1106 2277 2710 3208 3566 1249 4240 2916 3211 1912 398 2375 2196 2327 170 1970 1908 2416 576 3525
1107 3786 4248 4212 3033 4028 1433 93 3704 1333 3045 1126 504
1108 1307 3634 1145 3486 2730 4380 1774 2416 2241 3921 3059 3095
1109 2088 4408 2438 4212 1908 372 4385 992 1708 633
1110 268 2812 2143 3371 3829 1260 1828 1912 398 3747 4288 3761
1111 177 2739 3449 2261 758 1243 2161 3471 1237
1112 2104 3129 3768 1019 3418 3797 4450 748 748 264 3780 3656
1113 3578 4316 502 1557 3066 4506 1651 2193 3932 3657 2196 748 1946 2416 1158 4139
1114 3922 2191 3041 846 2251 2992 2992 385 632 2632
1115 3675 3568 3174 1720 3732 1847 2941 2063 1727 1727 3995
1116 3566 3566 3566 2327 2327 2327 170 170 170 3263 3572 856 1849 247
1117 3230 2403 3424 2234 1147 121 4284 3254 1822 3151 828 249 4632 1771 1659 4536
1118 4051 242 2003 4428 3458 1870 1023 1647 1988 3707 4082 828 4647 1906
1119 3584 3482 511 4057 4299 3820 1853 264 1003 49 4288 1745 641 4282 3089
1120 3517 854 499 2210 2514 2992 709 4640 45 396 2436 1296
1121 503 289 2656 1912 398 2598 4394 2024 3723 3526 1752
1122 3279 2729 3692 2767 4637 915 608 2371 1188 2046 4267 143
1123 2932 1780 3552 4598 811 2324 594 4192 2005 1745
1124 1282 1224 3328 1877 3118 828 718 1346 3575 417 194
1125 1085 1884 3189 3217 3813 421 2542 4629 1370 2967 1418 790
1126 2794 4270 1420 1386 206 2171 1112 703 2992 2992 291 4637 1113 3473 3175 4121
1127 3152 1545 1040 4310 1773 3564 3863 1925 856
1128 3996 1579 4316 1704 3065 587 2917 2193 2987 3544 748 2986
1129 3567 1282 1224 4160 2269 1810 530 1877 4410 3932 1647 644 132
1130 517 911 1586 2303 62 1727 3488 3505 4112
1131 431 2577 927 4169 3307 2905 1820 3139 4449 2208
1132 2203 1282 1224 177 530 1877 42 586 2889 194
1133 1691 949 4182 3813 1908 2303 3911 711 834 1756 4001 624 4493 4267 1333 790
1134 1880 2645 3328 662 42 1912 585 430 2079 4095 2608 1964 504
1135 823 2006 1293 3372 2781 795 1500
1136 3300 1282 1224 1118 3977 4400 1877 3423 3013 4078 3056 1672
1137 3372 2574 1009 903 2716 213 3251 0 872 2375 3176 479 2880 1849 732 2077
1138 177 3786 4133 2686 2085 810 68 2666
1139 4395 3567 2698 2498 3548 4258 1547 1511 132 4079
1140 1282 1224 4600 3292 1877 2810 3388 1892 3221 2185 432 2068 1369 1381 4324 3796
1141 367 1282 1224 1000 1795 1877 1647 726 3776 1925 766 63 1767
1142 2269 3328 2917 4258 1647 1070 1968 173 263 143
1143 4485 115 131 989 2363 3341 1822 2666 2349
1144 4160 4658 530 1876 1965 2747 2474 2479 2877 3953
1145 1476 4327 4160 825 2121 713 1583 1125 1089
1146 706 3076 1425 1245 2416 2616 4119 2725 4616 1554 1172 2643 254
1147 3675 609 1166 3822 3039 2774 1982 2535 4139 4076
1148 2203 1282 1224 3185 1877 3941 1965 42 179 3929 2195
1149 2822 2771 3536 3804 4408 1959 3053 3185 4240 1965 1647 2474 1808 2375 1913 1913 2388 1606 3525 2389 2986 2986 3223 1373
1150 2512 4033 4033 1580 2439 2783 3078 3078 585 430 2313
1151 4042 1044 50 2292 2079 456 1160 2008 1529 3682 2391
1152 769 3786 1776 3903 1419 1976 2168 377 3599 3045 1126
1153 1413 131 989 1176 2355 161 2078 2078 2078 1487 1822 4303 4303 3824 1500 484 1063 4350 3191 4502 1677 3827 1747 3838 3033 1683 2068 1564
1154 3419 3372 2774 3080 3263 3719 455 27 1027
1155 3745 511 2377 2852 259 1188 999 4656 3453 1953
1156 418 3753 3753 716 2778 1099 1328 1148 3310 1738 77 436
1157 3829 4330 1026 2107 2209 976 3263 3118 787 2354 3293 1836
1158 1130 3474 984 1797 1577 1968 2703 2674 1370 2927
1159 3048 1338 438 2196 871 1515 3934 3089 194
1160 4486 3566 3988 2327 170 3981 4030 432 4300
1161 3300 1282 1224 2149 2269 1674 591 177 3328 1877 915 2507 42 2521 1070 1750 1125 4346 2805 589 1635
1162 3456 3846 3567 1282 1224 156 530 1877 3627 993 132 2096
1163 214 14 4148 2624 2124 3372 1009 350 299 2487 0
1164 3397 2992 2592 2304 1757 2991 118 1246 3676 3590 1942 1677 3342 420 3666 3701 3756 3830 1813 1999
1165 1282 1224 2512 3328 1877 796 3632 493 2243 1912 822 1994
1166 3174 3879 3056 1291 4659 1745 1999 1986 2558 857
1167 4575 1210 860 2798 3996 1539 3578 3397 3397 1379 1668 2965 4312 882 2917 219 939 2823 171 2325 3312 1660 3683 15